0.0249680045 
 0.0019618603 
 0.0135917256 
 0.0132665540 
 0.0080504283 
 0.0082391898 
 0.0086550315 
 0.0130401597 
 0.0189259248 
 0.0016731177 
 0.0121558687 
 0.0115901274 
 0.0067965732 
 0.0036762085 
 0.0151124993 
 0.0159402223 
 0.0148413530 
 0.0015262418 
 0.0095290158 
 0.0115393652 
 0.0103963509 
 0.0114532347 
 0.0107308494 
 0.0096510198 
 0.0095572936 
 0.0140807040 
 0.0088256200 
 0.0076314751 
 0.0134759575 
 0.0134266300 
 0.0252401334 
 0.0177882938 
 0.0934826800 
 0.0571456075 
 0.0213118983 
 0.0175491846 
 0.0086425807 
 0.0088030322 
 0.0226002640 
 0.0174927477 
 0.0370001532 
 0.0222903822 
 0.0096527059 
 0.0146124176 
 0.0206324714 
 0.0179842233 
 0.0133358521 
 0.0132734081 
 0.0270550389 
 0.0210007459 
 0.0804466325 
 0.0507406510 
 0.0176746256 
 0.0149776317 
 0.0096413789 
 0.0114236082 
 0.0328067697 
 0.0219578109 
 0.0356478738 
 0.0201332889 
 0.0064847424 
 0.0080711862 
 0.0135284464 
 0.0200112418 
 0.0051424127 
 0.0079798301 
 0.0086926621 
 0.0099647269 
 0.0202398607 
 0.0056100931 
 0.0092585189 
 0.0116437266 
 0.0143265312 
 0.0113526824 
 0.0569375134 
 0.0340673923 
 0.1034198071 
 0.0607195437 
 0.0397612116 
 0.0217084856 
 0.0301090158 
 0.0214423005 
 0.0089585625 
 0.0077015139 
 0.0159491645 
 0.0163640984 
 0.0123687039 
 0.0076343228 
 0.0074369069 
 0.0084909847 
 0.0171858327 
 0.0141257270 
 0.0562637196 
 0.0328459475 
 0.1004189319 
 0.0578317991 
 0.0282608057 
 0.0203276151 
 0.0393610815 
 0.0257178922 
 0.0092883534 
 0.0075827518 
 0.0163160511 
 0.0156561727 
 0.0132681401 
 0.0090577454 
 0.0140672077 
 0.0088316656 
 0.0154536307 
 0.0245057416 
 0.0080046452 
 0.0202222817 
 0.0078014494 
 0.0053891544 
 0.0059202381 
 0.0055947604 
 0.0315235617 
 0.0046886517 
 0.0048399707 
 0.0096699566 
 0.0083197708 
 0.0047758982 
 0.0053847248 
 0.0050623810 
 0.0502277904 
 0.0292137785 
 0.0214532098 
 0.0144119816 
 0.0495660615 
 0.0286502392 
 0.0981681770 
 0.0529770385 
 0.0992967543 
 0.0557063155 
 0.0517565141 
 0.0311546967 
 0.0367321996 
 0.0230301881 
 0.0103805912 
 0.0102828201 
 0.0066922803 
 0.0083994173 
 0.0683509627 
 0.0384656427 
 0.0401421326 
 0.0238217698 
 0.0556684145 
 0.0306520569 
 0.0986471215 
 0.0539648122 
 0.0994359022 
 0.0556767161 
 0.0611677888 
 0.0356628541 
 0.0277821340 
 0.0186860464 
 0.0092392930 
 0.0082909732 
 0.0067353858 
 0.0084520202 
 0.0067877607 
 0.0066797582 
 0.0040561695 
 0.0333502732 
 0.0038518227 
 0.0046261800 
 0.0039511759 
 0.0061465142 
 0.0281163793 
 0.0220426158 
 0.0085541347 
 0.0063104572 
 0.0032105160 
 0.0033065102 
 0.0028895867 
 0.0063278459 
 0.0234479648 
 0.0220196036 
 0.0035884440 
 0.0038022485 
 0.0176546195 
 0.0112393587 
 0.0038931224 
 0.0046127436 
 0.0377611468 
 0.0213160081 
 0.0907043922 
 0.0487426322 
 0.0941232717 
 0.0504300068 
 0.0538517530 
 0.0295130241 
 0.0839212896 
 0.0451839238 
 0.0034339152 
 0.0037176397 
 0.0079745287 
 0.0056968754 
 0.0035386324 
 0.0036441318 
 0.0380970405 
 0.0214745144 
 0.0906747094 
 0.0487164205 
 0.0941972289 
 0.0504881929 
 0.0538746004 
 0.0295479714 
 0.0837604790 
 0.0451327311 
 0.1013031641 
 0.0543749003 
 0.0054278616 
 0.0000135304 
 0.0026283778 
 0.0022762033 
 0.0023609572 
 0.0020724949 
 0.0195209142 
 0.0190358258 
 0.0049233408 
 0.0980587104 
 0.0021121196 
 0.0021888209 
 0.0019993023 
 0.0024889640 
 0.0288518253 
 0.0183495224 
 0.0249680045 
 0.0019437719 
 0.0133946925 
 0.0149062178 
 0.0149918809 
 0.0142532134 
 0.0136692444 
 0.0133613539 
 0.0259492012 
 0.0016771364 
 0.0106919974 
 0.0109598908 
 0.0127713264 
 0.0128450462 
 0.0110132663 
 0.0109355017 
 0.0230100117 
 0.0013882657 
 0.0109845500 
 0.0106273248 
 0.0101019272 
 0.0108873375 
 0.0114677555 
 0.0120750565 
 0.0107064320 
 0.0160529848 
 0.0105804593 
 0.0130186316 
 0.0110512503 
 0.0120785523 
 0.0107023498 
 0.0128548906 
 0.0049903061 
 0.0065193469 
 0.0086750962 
 0.0076458080 
 0.0230184575 
 0.0192727074 
 0.0340030334 
 0.0238829046 
 0.0405316562 
 0.0248650798 
 0.0065276872 
 0.0090308856 
 0.0100895571 
 0.0127876807 
 0.0084283856 
 0.0079891044 
 0.0080170815 
 0.0077296587 
 0.0095351173 
 0.0159165586 
 0.0105012299 
 0.0120580700 
 0.0158784697 
 0.0152676756 
 0.0330063303 
 0.0226192031 
 0.0361278617 
 0.0239173279 
 0.0066450706 
 0.0091303400 
 0.0172648216 
 0.0016725782 
 0.0051905906 
 0.0072472025 
 0.0086604681 
 0.0098345512 
 0.0073837240 
 0.0052602884 
 0.0089813137 
 0.0091836697 
 0.0074559162 
 0.0089161758 
 0.0298602350 
 0.0195834098 
 0.0556068439 
 0.0310850383 
 0.0029137042 
 0.0037333867 
 0.0074522522 
 0.0093268950 
 0.0119517777 
 0.0086882435 
 0.0139799302 
 0.0090005754 
 0.0138756451 
 0.0083774760 
 0.0074346269 
 0.0081418992 
 0.0071011988 
 0.0087343796 
 0.0417953670 
 0.0280229142 
 0.0101690526 
 0.0135826441 
 0.0344083651 
 0.0225043247 
 0.0074600139 
 0.0093298566 
 0.0122033284 
 0.0088841786 
 0.0144366935 
 0.0092466491 
 0.0128902637 
 0.0075338859 
 0.0111721657 
 0.0069592628 
 0.0153478811 
 0.0013186253 
 0.0063380886 
 0.0055236696 
 0.0048080733 
 0.0065935142 
 0.0056081394 
 0.0055447296 
 0.0074054339 
 0.0058327951 
 0.0048419990 
 0.0034512272 
 0.0056765086 
 0.0055441210 
 0.0049828613 
 0.0049615300 
 0.0782990370 
 0.0447820806 
 0.0546551709 
 0.0323286063 
 0.0507636114 
 0.0292309380 
 0.0853687661 
 0.0484313606 
 0.0844642954 
 0.0461281457 
 0.0673792663 
 0.0373652754 
 0.0178214675 
 0.0133992535 
 0.0509102943 
 0.0307810304 
 0.0408872761 
 0.0239583658 
 0.0907682894 
 0.0513616516 
 0.0549908312 
 0.0325981162 
 0.0414996690 
 0.0255654547 
 0.0181854020 
 0.0148517027 
 0.0853136697 
 0.0471024356 
 0.0698109301 
 0.0391691295 
 0.0261898971 
 0.0168301696 
 0.0525054893 
 0.0315515981 
 0.0411041833 
 0.0246136633 
 0.0068409971 
 0.0069381741 
 0.0062968602 
 0.0299661846 
 0.0072849466 
 0.0044697712 
 0.0029316375 
 0.0041061550 
 0.0249311118 
 0.0258964308 
 0.0078121047 
 0.0083695317 
 0.0057350999 
 0.0033741054 
 0.0029929887 
 0.0031364109 
 0.0201220743 
 0.0194646951 
 0.0074806938 
 0.0057015822 
 0.0206770390 
 0.0121614941 
 0.0065572690 
 0.0053682464 
 0.0394161958 
 0.0221446014 
 0.0933877164 
 0.0500842954 
 0.0918112372 
 0.0492739922 
 0.0480264056 
 0.0266003427 
 0.0509548346 
 0.0285557349 
 0.0040801636 
 0.0032702310 
 0.0192880601 
 0.0112941436 
 0.0056752724 
 0.0046144974 
 0.0398901450 
 0.0223710580 
 0.0933337507 
 0.0500459327 
 0.0912460154 
 0.0490125806 
 0.0480770754 
 0.0266492395 
 0.0161835931 
 0.0112145574 
 0.0309730003 
 0.0190961940 
 0.0067341749 
 0.0000135304 
 0.0049975120 
 0.0025956651 
 0.0023609585 
 0.0007947161 
 0.0185838245 
 0.0231006453 
 0.0050476270 
 0.0989437908 
 0.0080996627 
 0.0023433368 
 0.0019992996 
 0.0021799222 
 0.0259952604 
 0.0223022389 
 0.0289028085 
 0.0019223627 
 0.0123344239 
 0.0151316230 
 0.0156635489 
 0.0160480291 
 0.0151131870 
 0.0143318272 
 0.0277821597 
 0.0016710964 
 0.0072253200 
 0.0095808714 
 0.0118912789 
 0.0137846184 
 0.0224881750 
 0.0142925923 
 0.0285077384 
 0.0017572868 
 0.0111105467 
 0.0219704852 
 0.0122257167 
 0.0085952162 
 0.0095151280 
 0.0103874025 
 0.0206060658 
 0.0185829247 
 0.0131366930 
 0.0130918326 
 0.0104043436 
 0.0108489151 
 0.0094340528 
 0.0103061412 
 0.0095575462 
 0.0133941906 
 0.0160087333 
 0.0127808763 
 0.0256398768 
 0.0177475208 
 0.0151531595 
 0.0118445588 
 0.0118481586 
 0.0089986111 
 0.0178115411 
 0.0185277374 
 0.0120097582 
 0.0120235636 
 0.0106425902 
 0.0107175814 
 0.0117371084 
 0.0114260627 
 0.0087263868 
 0.0134069593 
 0.0142334167 
 0.0123307190 
 0.0204321132 
 0.0121862183 
 0.0063637879 
 0.0061223041 
 0.0042860696 
 0.0057402907 
 0.0050043001 
 0.0066755614 
 0.0145890056 
 0.0324464826 
 0.0052903944 
 0.0065354771 
 0.0085958754 
 0.0094689974 
 0.0162504677 
 0.0117949059 
 0.0075539441 
 0.0081221511 
 0.0146413245 
 0.0112758931 
 0.0526207849 
 0.0312902319 
 0.0395079714 
 0.0254321216 
 0.1018320876 
 0.0593466842 
 0.0264281979 
 0.0163491759 
 0.0116448744 
 0.0144932360 
 0.0217646855 
 0.0285201157 
 0.0486109982 
 0.0767904798 
 0.0052185128 
 0.0048655765 
 0.0170529847 
 0.0125557361 
 0.0268270504 
 0.0185493171 
 0.0854296254 
 0.0488742709 
 0.0722689157 
 0.0441328793 
 0.0317034227 
 0.0215499878 
 0.0094239550 
 0.0096225883 
 0.0321389332 
 0.0478818309 
 0.0487177681 
 0.0762630920 
 0.0207071223 
 0.0178098177 
 0.0145068787 
 0.0059491617 
 0.0052217091 
 0.0097700035 
 0.0179276465 
 0.0063973806 
 0.0056777531 
 0.0047643494 
 0.0104205676 
 0.0058099708 
 0.0040773454 
 0.0153723168 
 0.0105586949 
 0.0056780755 
 0.0057465396 
 0.0048664764 
 0.0732907920 
 0.0424558283 
 0.0491974227 
 0.0282802173 
 0.0251409546 
 0.0166307846 
 0.0839857034 
 0.0448442500 
 0.0739377603 
 0.0417581691 
 0.0494226928 
 0.0275052994 
 0.0486848780 
 0.0285299310 
 0.0494133178 
 0.0293459964 
 0.0371424848 
 0.0229288071 
 0.0498575039 
 0.0298125452 
 0.0325848578 
 0.0208651944 
 0.0445235480 
 0.0245034271 
 0.0660904390 
 0.0367399397 
 0.0940325472 
 0.0510775051 
 0.0484132620 
 0.0285367703 
 0.0501028568 
 0.0295025013 
 0.0495942707 
 0.0294614578 
 0.0281455607 
 0.0183095315 
 0.0063740508 
 0.0062608624 
 0.0092213553 
 0.0333961230 
 0.0039725419 
 0.0054261097 
 0.0030443798 
 0.0035631405 
 0.0263168670 
 0.0246334235 
 0.0060406577 
 0.0007293145 
 0.0026648386 
 0.0033771868 
 0.0027248734 
 0.0028961962 
 0.0125033878 
 0.0137223843 
 0.0031996646 
 0.0029861108 
 0.0046701054 
 0.0042987582 
 0.0034648510 
 0.0037106614 
 0.0400909890 
 0.0224819947 
 0.0913659739 
 0.0490734131 
 0.0926359076 
 0.0496863316 
 0.0510453044 
 0.0281097983 
 0.0817585846 
 0.0438238732 
 0.0030761423 
 0.0030494172 
 0.0181586477 
 0.0109409871 
 0.0036039438 
 0.0037747674 
 0.0397999922 
 0.0223259709 
 0.0902131352 
 0.0484856369 
 0.0927365033 
 0.0497578253 
 0.0509724709 
 0.0280978147 
 0.0825119104 
 0.0446471121 
 0.1021251945 
 0.0546467056 
 0.0052410773 
 0.0000135303 
 0.0022261284 
 0.0027413782 
 0.0023609537 
 0.0005074133 
 0.0186739918 
 0.0146550199 
 0.0047990414 
 0.0990609458 
 0.0047645335 
 0.0023175768 
 0.0019993001 
 0.0021799265 
 0.0277447578 
 0.0204996174 
 0.0249680045 
 0.0017292660 
 0.0135780737 
 0.0206225394 
 0.0149240424 
 0.0157322043 
 0.0211273478 
 0.0364956695 
 0.0266734612 
 0.0015474777 
 0.0189848148 
 0.0128776946 
 0.0097590436 
 0.0135760467 
 0.0233945162 
 0.0368228457 
 0.0147184819 
 0.0022797490 
 0.0104569811 
 0.0118980904 
 0.0113730322 
 0.0126119765 
 0.0136708519 
 0.0091466247 
 0.0464376385 
 0.0302982476 
 0.0103053286 
 0.0111819247 
 0.0095487410 
 0.0099688722 
 0.0141972370 
 0.0115151701 
 0.0559349035 
 0.0342535343 
 0.0152515558 
 0.0100631035 
 0.0241301916 
 0.0152239052 
 0.0262344578 
 0.0154034074 
 0.0425463829 
 0.0256084909 
 0.0406540383 
 0.0306609621 
 0.0106441023 
 0.0104150735 
 0.0118213804 
 0.0122665483 
 0.0141241471 
 0.0098962501 
 0.0491474701 
 0.0277041347 
 0.0143178096 
 0.0111949555 
 0.0236311889 
 0.0142319474 
 0.0273512619 
 0.0169758895 
 0.0432776963 
 0.0267039505 
 0.0478835192 
 0.0291389263 
 0.0130705313 
 0.0022366708 
 0.0080809956 
 0.0057457108 
 0.0070636706 
 0.0090014218 
 0.0231628408 
 0.0242228115 
 0.0068979565 
 0.0082870339 
 0.0057843738 
 0.0083895903 
 0.0057817846 
 0.0076868771 
 0.0853596632 
 0.0505207250 
 0.0218358492 
 0.0137228737 
 0.0427545783 
 0.0276221478 
 0.0135272378 
 0.0154428102 
 0.0194687593 
 0.0236665954 
 0.0145572672 
 0.0090986994 
 0.0052329108 
 0.0067328401 
 0.0061380415 
 0.0085537183 
 0.0046675565 
 0.0062756169 
 0.0904612791 
 0.0536386196 
 0.0599659045 
 0.0355692044 
 0.0474636170 
 0.0292815221 
 0.0115621692 
 0.0110991171 
 0.0313037661 
 0.0483784711 
 0.0147444727 
 0.0088648144 
 0.0164030082 
 0.0099835952 
 0.0108085414 
 0.0012896952 
 0.0060725424 
 0.0067163113 
 0.0043803763 
 0.0044489226 
 0.0035044139 
 0.0042093714 
 0.0058709040 
 0.0024608342 
 0.0047366778 
 0.0041439720 
 0.0059100615 
 0.0054007051 
 0.0046588096 
 0.0039809335 
 0.0337763602 
 0.0221501297 
 0.0043547766 
 0.0050537978 
 0.0029914437 
 0.0032144135 
 0.0645216063 
 0.0343771499 
 0.0514607977 
 0.0309578636 
 0.0392393447 
 0.0232414140 
 0.0561259735 
 0.0315338532 
 0.0546700078 
 0.0307967390 
 0.0458245985 
 0.0273664180 
 0.0088014950 
 0.0094320152 
 0.0034870483 
 0.0035491046 
 0.0130594033 
 0.0086775542 
 0.0939976159 
 0.0495994693 
 0.0668066750 
 0.0384424783 
 0.0744455671 
 0.0419908040 
 0.0571284425 
 0.0332920593 
 0.0557543535 
 0.0326536775 
 0.0449983550 
 0.0266703409 
 0.0082629708 
 0.0075124968 
 0.0049799683 
 0.0278231873 
 0.0080930442 
 0.0032577213 
 0.0027531389 
 0.0050694205 
 0.0164765530 
 0.0117203909 
 0.0057758692 
 0.0008298477 
 0.0081271424 
 0.0035002220 
 0.0028268194 
 0.0031051116 
 0.0191445218 
 0.0274871268 
 0.0074338829 
 0.0057008405 
 0.0065872759 
 0.0056834335 
 0.0029422760 
 0.0029783623 
 0.0076713389 
 0.0062710900 
 0.0747217777 
 0.0407513171 
 0.0897806672 
 0.0482587085 
 0.0448190988 
 0.0249957871 
 0.0778483959 
 0.0417410113 
 0.0035769617 
 0.0035729891 
 0.0031206062 
 0.0039076456 
 0.0041824400 
 0.0038680861 
 0.0289050989 
 0.0168785173 
 0.0947937214 
 0.0507759304 
 0.0898111027 
 0.0482951265 
 0.0448155278 
 0.0250180770 
 0.0780172014 
 0.0418674238 
 0.1011392866 
 0.0540128835 
 0.0053702577 
 0.0000135303 
 0.0040592470 
 0.0022373313 
 0.0023609645 
 0.0003366798 
 0.0056664027 
 0.0029116608 
 0.0047990295 
 0.0990459575 
 0.0083567007 
 0.0022531932 
 0.0019992997 
 0.0021799213 
 0.0238024027 
 0.0188001397 
 0.0289028085 
 0.0019186445 
 0.0240745680 
 0.0286862750 
 0.0223364200 
 0.0222363926 
 0.0145877533 
 0.0146284807 
 0.0282353327 
 0.0016183636 
 0.0088566066 
 0.0168479717 
 0.0122607410 
 0.0130377698 
 0.0116303854 
 0.0106405915 
 0.0213180624 
 0.0013559391 
 0.0105316983 
 0.0111686620 
 0.0093563949 
 0.0090561246 
 0.0108691205 
 0.0111460742 
 0.0092298541 
 0.0113336111 
 0.0106820930 
 0.0124143237 
 0.0087793134 
 0.0081514453 
 0.0107854849 
 0.0117493682 
 0.0554529290 
 0.0374607145 
 0.0165126014 
 0.0145429056 
 0.0112343170 
 0.0121423882 
 0.0099642449 
 0.0108164157 
 0.0320279163 
 0.0212785754 
 0.0193859528 
 0.0211799754 
 0.0096438703 
 0.0115992833 
 0.0086446139 
 0.0071522856 
 0.0101344758 
 0.0114818058 
 0.0537357604 
 0.0342818315 
 0.0101447877 
 0.0081815914 
 0.0052285335 
 0.0052630142 
 0.0212115307 
 0.0158174961 
 0.0265305878 
 0.0183401497 
 0.0056231225 
 0.0079221271 
 0.0154633492 
 0.0266432152 
 0.0057223491 
 0.0078680628 
 0.0069762943 
 0.0079618545 
 0.0069925302 
 0.0050953804 
 0.0153937509 
 0.0098542561 
 0.0205494582 
 0.0141305843 
 0.0244329340 
 0.0166791710 
 0.0034640772 
 0.0033337821 
 0.0397660581 
 0.0239262440 
 0.0075867225 
 0.0077621549 
 0.0079487733 
 0.0050945111 
 0.0121672823 
 0.0093986067 
 0.0405644415 
 0.0677377593 
 0.0150294267 
 0.0106152156 
 0.0255343883 
 0.0147354500 
 0.0038697480 
 0.0048849877 
 0.0286793301 
 0.0179770974 
 0.0554030558 
 0.0331730976 
 0.0057709535 
 0.0061992834 
 0.0089067234 
 0.0066493729 
 0.0138845513 
 0.0102021094 
 0.0432992814 
 0.0714996619 
 0.0374921332 
 0.0571079436 
 0.0118841312 
 0.0088800770 
 0.0045766633 
 0.0051778981 
 0.0032022684 
 0.0088296853 
 0.0229520562 
 0.0057382390 
 0.0068084073 
 0.0015792312 
 0.0038187142 
 0.0031406391 
 0.0045445789 
 0.0102713267 
 0.0137147683 
 0.0097790809 
 0.0164165240 
 0.0136913280 
 0.0113802752 
 0.0094268224 
 0.0081138729 
 0.0086657412 
 0.0336429720 
 0.0196327414 
 0.0388743895 
 0.0248830384 
 0.0313952918 
 0.0176390622 
 0.0201448430 
 0.0141671606 
 0.0292856330 
 0.0191686263 
 0.0042483834 
 0.0034189615 
 0.0662468096 
 0.0389474367 
 0.0066004085 
 0.0082079282 
 0.0063901968 
 0.0062680250 
 0.0112797889 
 0.0103444290 
 0.0194560851 
 0.0143427291 
 0.0296398540 
 0.0190814321 
 0.0186495699 
 0.0135979925 
 0.0156799706 
 0.0118278864 
 0.0061718298 
 0.0073954343 
 0.0063421181 
 0.0058652480 
 0.0029288584 
 0.0031218681 
 0.0055113634 
 0.0064678698 
 0.0039006698 
 0.0023081335 
 0.0021421331 
 0.0029345221 
 0.0049589717 
 0.0080959040 
 0.0124809716 
 0.0140589757 
 0.0092626009 
 0.0025925430 
 0.0021817455 
 0.0029609695 
 0.0049902092 
 0.0033419863 
 0.0078914905 
 0.0046846431 
 0.0039017435 
 0.0038705474 
 0.0142166430 
 0.0095448091 
 0.0870168562 
 0.0468988606 
 0.0698377970 
 0.0382872736 
 0.0087142104 
 0.0069442549 
 0.0754550532 
 0.0406559846 
 0.0119441441 
 0.0075694725 
 0.0269037851 
 0.0152903563 
 0.0116093908 
 0.0075815474 
 0.0434348360 
 0.0241434213 
 0.0979738407 
 0.0523659773 
 0.0375655153 
 0.0221723336 
 0.0233936994 
 0.0143064890 
 0.0754540827 
 0.0407230034 
 0.1025621192 
 0.0548912302 
 0.0048456308 
 0.0000135303 
 0.0052661283 
 0.0165232860 
 0.0079936188 
 0.0007193817 
 0.0022237394 
 0.0013501710 
 0.0046747452 
 0.1004244938 
 0.0163136614 
 0.0189425419 
 0.0146569266 
 0.0022700526 
 0.0018758130 
 0.0020605507 
 0.0249680045 
 0.0019438800 
 0.0298386311 
 0.0142626712 
 0.0142997801 
 0.0171841012 
 0.0123139238 
 0.0257011214 
 0.0248141438 
 0.0016706234 
 0.0137706625 
 0.0143692735 
 0.0124862937 
 0.0117394746 
 0.0072566754 
 0.0117540236 
 0.0192075083 
 0.0014940364 
 0.0105966094 
 0.0082680881 
 0.0088171534 
 0.0104862692 
 0.0112794476 
 0.0122456713 
 0.0092378105 
 0.0135063509 
 0.0111879863 
 0.0129769011 
 0.0103028505 
 0.0089857787 
 0.0090219147 
 0.0081777048 
 0.0076998123 
 0.0119523551 
 0.0107847296 
 0.0118534018 
 0.0097798222 
 0.0114512462 
 0.0062958312 
 0.0054340486 
 0.0047230746 
 0.0045490849 
 0.0087581493 
 0.0125771374 
 0.0092996276 
 0.0094420717 
 0.0097870532 
 0.0086419206 
 0.0106687885 
 0.0114680885 
 0.0086105567 
 0.0136674545 
 0.0084250937 
 0.0072576477 
 0.0072615132 
 0.0067135323 
 0.0060117557 
 0.0055981216 
 0.0054167059 
 0.0059430440 
 0.0055088809 
 0.0064253769 
 0.0137100477 
 0.0241820916 
 0.0233306813 
 0.0074801445 
 0.0091217413 
 0.0096965038 
 0.0083820060 
 0.0117049219 
 0.0225461062 
 0.0142887325 
 0.0309151665 
 0.0192306224 
 0.0614801105 
 0.0382793563 
 0.0280311124 
 0.0232641572 
 0.0565657229 
 0.0385899956 
 0.0264260834 
 0.0199785264 
 0.0108894186 
 0.0075656646 
 0.0194998042 
 0.0202314390 
 0.0288123914 
 0.0354818536 
 0.0103793484 
 0.0100676590 
 0.0151654179 
 0.0132383628 
 0.0237370129 
 0.0192716178 
 0.0336850620 
 0.0239447393 
 0.0204384433 
 0.0171073505 
 0.0366524759 
 0.0248072571 
 0.0116918672 
 0.0088642097 
 0.0165422819 
 0.0135764458 
 0.0225430554 
 0.0227831748 
 0.0489309135 
 0.0731278350 
 0.0152839502 
 0.0036158384 
 0.0070424943 
 0.0067836792 
 0.0189611125 
 0.0245068677 
 0.0112375037 
 0.0061487553 
 0.0066489734 
 0.0016134196 
 0.0052202776 
 0.0045547702 
 0.0066412502 
 0.0087164022 
 0.0040330350 
 0.0043164946 
 0.0174290943 
 0.0142175831 
 0.0050477257 
 0.0068622017 
 0.0049773527 
 0.0065407360 
 0.0556771237 
 0.0327175302 
 0.1016980022 
 0.0557771364 
 0.0199530555 
 0.0138972561 
 0.0684892335 
 0.0384889543 
 0.0688247690 
 0.0383905205 
 0.0193316163 
 0.0137724803 
 0.0045300501 
 0.0064803412 
 0.0052315214 
 0.0069733423 
 0.0137766044 
 0.0109191808 
 0.0912726529 
 0.0505831948 
 0.0551448358 
 0.0326839461 
 0.0593978382 
 0.0342105605 
 0.0666376879 
 0.0377221674 
 0.0687572298 
 0.0383295302 
 0.0063759712 
 0.0065120235 
 0.0083530931 
 0.0070596844 
 0.0039822431 
 0.0344733214 
 0.0263600699 
 0.0051475624 
 0.0038313880 
 0.0046247518 
 0.0037565657 
 0.0149926929 
 0.0103544575 
 0.0182643792 
 0.0263547743 
 0.0065761176 
 0.0031740683 
 0.0032932676 
 0.0028236205 
 0.0214618289 
 0.0255288317 
 0.0146413523 
 0.0407647589 
 0.0234351330 
 0.0233945508 
 0.0137055758 
 0.0481166486 
 0.0264948147 
 0.0690241353 
 0.0379025052 
 0.0758215398 
 0.0412791430 
 0.0301512914 
 0.0176614209 
 0.0670457975 
 0.0362774487 
 0.0248661966 
 0.0141934449 
 0.0391806670 
 0.0218166243 
 0.0220023182 
 0.0127780252 
 0.0286800563 
 0.0167660261 
 0.0349407524 
 0.0208494342 
 0.0751224436 
 0.0409507950 
 0.0302207102 
 0.0177207208 
 0.0670298463 
 0.0368311995 
 0.1018998204 
 0.0547349746 
 0.0053551172 
 0.0000135305 
 0.0198816813 
 0.0055029988 
 0.0024503714 
 0.0024645243 
 0.0022237299 
 0.0186638572 
 0.0056690439 
 0.0988076810 
 0.0287130684 
 0.0031802252 
 0.0020894306 
 0.0021799220 
 0.0018758085 
 0.0174601335 
 0.0289028085 
 0.0018852690 
 0.0135413316 
 0.0141312297 
 0.0146676217 
 0.0156853360 
 0.0151541076 
 0.0143589298 
 0.0269860387 
 0.0013943910 
 0.0101394619 
 0.0122156362 
 0.0111408531 
 0.0127440361 
 0.0111157446 
 0.0110625468 
 0.0213540070 
 0.0010698356 
 0.0100235649 
 0.0104185406 
 0.0095843598 
 0.0095565729 
 0.0099938965 
 0.0105399045 
 0.0064033737 
 0.0078198393 
 0.0084437881 
 0.0087658978 
 0.0092646569 
 0.0078366175 
 0.0084953535 
 0.0058530358 
 0.0036706954 
 0.0041869521 
 0.0108756516 
 0.0119911839 
 0.0286436358 
 0.0208243127 
 0.0359243310 
 0.0236277917 
 0.0373535054 
 0.0212939706 
 0.0098263711 
 0.0149673965 
 0.0104935320 
 0.0112788097 
 0.0093569416 
 0.0097743328 
 0.0089548032 
 0.0102066134 
 0.0080399401 
 0.0132756289 
 0.0070758826 
 0.0069748038 
 0.0185922402 
 0.0156782243 
 0.0361980380 
 0.0228295335 
 0.0100317846 
 0.0086737988 
 0.0057014357 
 0.0078456130 
 0.0112685545 
 0.0007917974 
 0.0031893143 
 0.0063949775 
 0.0068314235 
 0.0075207082 
 0.0099248353 
 0.0051586262 
 0.0038137273 
 0.0044892744 
 0.0042031117 
 0.0047305133 
 0.0419331855 
 0.0223172546 
 0.0168451800 
 0.0113517977 
 0.0072882866 
 0.0071325029 
 0.0110254167 
 0.0091127745 
 0.0091038497 
 0.0064731228 
 0.0104559465 
 0.0063062054 
 0.0128322083 
 0.0081820777 
 0.0030139430 
 0.0025005141 
 0.0036587505 
 0.0052622434 
 0.0187428623 
 0.0107911667 
 0.0032838312 
 0.0048851111 
 0.0595418092 
 0.0350580235 
 0.0099402654 
 0.0085932668 
 0.0093063276 
 0.0068066679 
 0.0120463913 
 0.0076170651 
 0.0132360539 
 0.0081997670 
 0.0145634632 
 0.0088253355 
 0.0018578517 
 0.0010313862 
 0.0029772401 
 0.0041067195 
 0.0030629463 
 0.0032718830 
 0.0035833533 
 0.0036295006 
 0.0024860693 
 0.0012541064 
 0.0116448585 
 0.0166028588 
 0.0094691405 
 0.0032278957 
 0.0044025483 
 0.0040215090 
 0.0075153539 
 0.0085520368 
 0.0054503044 
 0.0039327416 
 0.0168700123 
 0.0125271487 
 0.0027500647 
 0.0040785497 
 0.0800373205 
 0.0441401674 
 0.0531103106 
 0.0286989060 
 0.0136494133 
 0.0105297922 
 0.0074860920 
 0.0073749987 
 0.0062429998 
 0.0071888987 
 0.0387008773 
 0.0201840864 
 0.0452430963 
 0.0259946164 
 0.0353358203 
 0.0216705679 
 0.0067907957 
 0.0081804084 
 0.0846160376 
 0.0465724947 
 0.0358269254 
 0.0221027151 
 0.0184236987 
 0.0121834444 
 0.0059224901 
 0.0071270649 
 0.0064378023 
 0.0073494005 
 0.0077127652 
 0.0064728175 
 0.0013460113 
 0.0434025468 
 0.0026317993 
 0.0026302594 
 0.0029269192 
 0.0092336499 
 0.0188223467 
 0.0033691799 
 0.0055963465 
 0.0102615864 
 0.0030180327 
 0.0031744506 
 0.0029134054 
 0.0108064059 
 0.0120038041 
 0.0047314504 
 0.0083052978 
 0.0130246060 
 0.0035981662 
 0.0037202168 
 0.0066965520 
 0.0101716386 
 0.0256522639 
 0.0152615564 
 0.0838829928 
 0.0453319224 
 0.0157939679 
 0.0112653575 
 0.0060742613 
 0.0056242769 
 0.0023205728 
 0.0022662992 
 0.0035996091 
 0.0037980080 
 0.0033146256 
 0.0039453639 
 0.0046582958 
 0.0058834807 
 0.0257664237 
 0.0153092146 
 0.0796451365 
 0.0432016250 
 0.0499068950 
 0.0283430241 
 0.0189603638 
 0.0120919562 
 0.0035457646 
 0.0046648977 
 0.0723829839 
 0.0396687208 
 0.0053951266 
 0.0000135303 
 0.0023155639 
 0.0025047688 
 0.0023609595 
 0.0079232558 
 0.0116579928 
 0.0032679865 
 0.0046747451 
 0.1037945246 
 0.0035801325 
 0.0021888262 
 0.0019992998 
 0.0159575393 
 0.0262765135 
 0.0035283950 
 0.0249680045 
 0.0019021901 
 0.0133311651 
 0.0141212747 
 0.0146727396 
 0.0144152408 
 0.0134015786 
 0.0135178001 
 0.0253079128 
 0.0016140614 
 0.0111588010 
 0.0124176146 
 0.0108943794 
 0.0127005210 
 0.0101233616 
 0.0121348957 
 0.0213603457 
 0.0012290788 
 0.0099630679 
 0.0099104843 
 0.0104520328 
 0.0107479034 
 0.0101065898 
 0.0100731697 
 0.0064069768 
 0.0092634263 
 0.0083569113 
 0.0120181342 
 0.0068323057 
 0.0074107157 
 0.0083886008 
 0.0118369486 
 0.0056225960 
 0.0084847965 
 0.0158115313 
 0.0151815409 
 0.0082639831 
 0.0112045458 
 0.0079628812 
 0.0107176877 
 0.0060119494 
 0.0088031545 
 0.0104990609 
 0.0165791478 
 0.0101139510 
 0.0132306667 
 0.0078300517 
 0.0075993383 
 0.0075965199 
 0.0081118258 
 0.0120107419 
 0.0175723249 
 0.0123289450 
 0.0128792147 
 0.0093214319 
 0.0116708590 
 0.0146133810 
 0.0097012737 
 0.0038032439 
 0.0041419066 
 0.0062975088 
 0.0090942597 
 0.0147071491 
 0.0013582870 
 0.0040009023 
 0.0023538443 
 0.0065549395 
 0.0067781579 
 0.0032339686 
 0.0047891280 
 0.0062628128 
 0.0065023545 
 0.0065590180 
 0.0072172068 
 0.0543167410 
 0.0300022416 
 0.0629696558 
 0.0371506120 
 0.0370256450 
 0.0211896219 
 0.0046544757 
 0.0076681945 
 0.0076914130 
 0.0048679449 
 0.0109312291 
 0.0074931994 
 0.0258166201 
 0.0336529433 
 0.0044643822 
 0.0039237460 
 0.0049613104 
 0.0041709836 
 0.0482491627 
 0.0272384019 
 0.0536890755 
 0.0331623590 
 0.0400571980 
 0.0240786824 
 0.0042303776 
 0.0031933054 
 0.0066260685 
 0.0038219132 
 0.0172307007 
 0.0187676065 
 0.0407873301 
 0.0654252459 
 0.0479604162 
 0.0824882542 
 0.0079861857 
 0.0009846231 
 0.0046804423 
 0.0037359830 
 0.0021936455 
 0.0042544935 
 0.0035730260 
 0.0029257081 
 0.0041089518 
 0.0018671516 
 0.0197470069 
 0.0041170439 
 0.0042162657 
 0.0039398134 
 0.0048335054 
 0.0147100644 
 0.0055793326 
 0.0045243509 
 0.0042692937 
 0.0058262094 
 0.0127651303 
 0.0106666137 
 0.0079935379 
 0.0085702273 
 0.0182870999 
 0.0122743392 
 0.0280842138 
 0.0159105494 
 0.0277246981 
 0.0176656607 
 0.0307191116 
 0.0178734344 
 0.0108966901 
 0.0076466054 
 0.0065513688 
 0.0085236223 
 0.0027607149 
 0.0024758300 
 0.0039262269 
 0.0044177707 
 0.0307419372 
 0.0200133739 
 0.0670420939 
 0.0382431477 
 0.0206153681 
 0.0140787994 
 0.0280988809 
 0.0181767246 
 0.0319033345 
 0.0204592166 
 0.0089788848 
 0.0088799967 
 0.0076062085 
 0.0065595214 
 0.0027563838 
 0.0411779981 
 0.0024926298 
 0.0043160260 
 0.0217940567 
 0.0165590462 
 0.0037988798 
 0.0022903451 
 0.0041797667 
 0.0006789916 
 0.0026153109 
 0.0044782992 
 0.0084282170 
 0.0145673547 
 0.0028886390 
 0.0030647125 
 0.0035366900 
 0.0036897113 
 0.0031459642 
 0.0039170806 
 0.0031220145 
 0.0034749150 
 0.0282981256 
 0.0165844997 
 0.0871286688 
 0.0469547678 
 0.1000630633 
 0.0533999015 
 0.0512538046 
 0.0282132894 
 0.0364670971 
 0.0212151376 
 0.0032693383 
 0.0033732389 
 0.0032782209 
 0.0039930187 
 0.0034732980 
 0.0035135145 
 0.0229407949 
 0.0138963776 
 0.0871385495 
 0.0469483438 
 0.1000935734 
 0.0534363592 
 0.0192348022 
 0.0122293485 
 0.0902955220 
 0.0481824111 
 0.0985779901 
 0.0527508648 
 0.0052196684 
 0.0000135303 
 0.0022261344 
 0.0023740293 
 0.0102291860 
 0.0031990989 
 0.0022684434 
 0.0020993127 
 0.0049233351 
 0.1005577895 
 0.0019061154 
 0.0021888254 
 0.0232327821 
 0.0135623947 
 0.0023779796 
 0.0021635588 
 0.0249680045 
 0.0019195140 
 0.0135425127 
 0.0140325129 
 0.0139339744 
 0.0140064488 
 0.0136061172 
 0.0132138383 
 0.0249904889 
 0.0016507599 
 0.0105766792 
 0.0131846051 
 0.0113333788 
 0.0127277184 
 0.0110910934 
 0.0110598003 
 0.0229150592 
 0.0017728573 
 0.0230488677 
 0.0200420739 
 0.0170849336 
 0.0119774867 
 0.0113219863 
 0.0106660943 
 0.0229665405 
 0.0219283101 
 0.0163559775 
 0.0160216148 
 0.0106497895 
 0.0092427894 
 0.0097922962 
 0.0097592214 
 0.0052903823 
 0.0071172221 
 0.0103360702 
 0.0120775279 
 0.0070757903 
 0.0081380521 
 0.0092328192 
 0.0109163321 
 0.0045853527 
 0.0048257571 
 0.0594034845 
 0.0410255324 
 0.0238024746 
 0.0157410842 
 0.0156180455 
 0.0138627824 
 0.0131667369 
 0.0111554156 
 0.0103838726 
 0.0122935344 
 0.0066971208 
 0.0064475578 
 0.0082438589 
 0.0109229951 
 0.0102654128 
 0.0077700484 
 0.0065676027 
 0.0087696237 
 0.0065799440 
 0.0088596106 
 0.0178147800 
 0.0013122693 
 0.0044144208 
 0.0079162415 
 0.0095249877 
 0.0095320301 
 0.0073605974 
 0.0057994202 
 0.0056146678 
 0.0048005248 
 0.0052064545 
 0.0066779590 
 0.0053721919 
 0.0084730546 
 0.0037630391 
 0.0050393990 
 0.0120312758 
 0.0143169835 
 0.0038109715 
 0.0032617048 
 0.0079888162 
 0.0065557149 
 0.0106243722 
 0.0074820368 
 0.0124753377 
 0.0073554301 
 0.0050590258 
 0.0046306444 
 0.0051445076 
 0.0065321861 
 0.0055641702 
 0.0083965796 
 0.0334598814 
 0.0175475142 
 0.0132032870 
 0.0124334844 
 0.0069124506 
 0.0089195176 
 0.0085738218 
 0.0070010818 
 0.0115450363 
 0.0075404177 
 0.0131825168 
 0.0085511438 
 0.0146240154 
 0.0087332234 
 0.0123446099 
 0.0010431249 
 0.0050630711 
 0.0049411048 
 0.0036717500 
 0.0050903673 
 0.0050398677 
 0.0038865705 
 0.0062751882 
 0.0015988019 
 0.0043227751 
 0.0036751851 
 0.0056585212 
 0.0034935300 
 0.0050689829 
 0.0054385818 
 0.0050450922 
 0.0079925158 
 0.0737296074 
 0.0415809223 
 0.0681203843 
 0.0376966051 
 0.1044904361 
 0.0585079095 
 0.0950552518 
 0.0525021724 
 0.0552273994 
 0.0328204964 
 0.0253597125 
 0.0156232676 
 0.0340424413 
 0.0217533310 
 0.0067778825 
 0.0084982715 
 0.0803490513 
 0.0455721857 
 0.0712860267 
 0.0399599539 
 0.0684196788 
 0.0390121245 
 0.1044464325 
 0.0584066938 
 0.0955467613 
 0.0535843243 
 0.0295449872 
 0.0199494256 
 0.0345848872 
 0.0208355961 
 0.0164499918 
 0.0129405699 
 0.0056885526 
 0.0062488645 
 0.0075041506 
 0.0072266767 
 0.0027670487 
 0.0355466584 
 0.0031867492 
 0.0039655266 
 0.0037980881 
 0.0041053119 
 0.0103803549 
 0.0033258647 
 0.0062788037 
 0.0085935677 
 0.0031945090 
 0.0033306347 
 0.0029529189 
 0.0191005648 
 0.0253267145 
 0.0077171212 
 0.0077639287 
 0.0117867657 
 0.0042247268 
 0.0044456507 
 0.0064472874 
 0.0094717587 
 0.0263254293 
 0.0155981464 
 0.0855048940 
 0.0461428796 
 0.0999989747 
 0.0533678637 
 0.0655849726 
 0.0353796335 
 0.0919090149 
 0.0491373254 
 0.0034808245 
 0.0035117623 
 0.0026901391 
 0.0026270116 
 0.0034902413 
 0.0035499563 
 0.0261689517 
 0.0155104669 
 0.0855696813 
 0.0461639109 
 0.1000099484 
 0.0533945493 
 0.0653740016 
 0.0352969760 
 0.0918383835 
 0.0492662004 
 0.1039725361 
 0.0557195251 
 0.0052687304 
 0.0000135303 
 0.0023155500 
 0.0023854531 
 0.0023609579 
 0.0074440590 
 0.0128195239 
 0.0039104894 
 0.0052962705 
 0.0994311468 
 0.0020091202 
 0.0021888239 
 0.0019992980 
 0.0154302174 
 0.0277939883 
 0.0043140311 
 0.0289028085 
 0.0019028419 
 0.0215367100 
 0.0351091102 
 0.0151106313 
 0.0188679450 
 0.0146013904 
 0.0148739772 
 0.0283626795 
 0.0016301000 
 0.0154971127 
 0.0203818370 
 0.0103614956 
 0.0117950738 
 0.0111865387 
 0.0116565882 
 0.0211650705 
 0.0017313901 
 0.0105144602 
 0.0108609158 
 0.0097194240 
 0.0161200125 
 0.0211039166 
 0.0093330981 
 0.0229966039 
 0.0217733232 
 0.0131627066 
 0.0173816013 
 0.0145544316 
 0.0184144588 
 0.0110747155 
 0.0125979619 
 0.0831686940 
 0.0511683880 
 0.0110345007 
 0.0124778237 
 0.0184631805 
 0.0155953935 
 0.0211680540 
 0.0160625770 
 0.0351938310 
 0.0219123308 
 0.0104147844 
 0.0164509600 
 0.0109474439 
 0.0135702314 
 0.0108006902 
 0.0116814453 
 0.0106862490 
 0.0122451858 
 0.0807950299 
 0.0492526147 
 0.0098122088 
 0.0114946656 
 0.0189847802 
 0.0156499733 
 0.0201243354 
 0.0146694550 
 0.0350331287 
 0.0215644606 
 0.0201207594 
 0.0142716336 
 0.0151545101 
 0.0015888926 
 0.0066110713 
 0.0104862093 
 0.0084052033 
 0.0094789223 
 0.0068450788 
 0.0046048735 
 0.0077271541 
 0.0089988784 
 0.0066809509 
 0.0089242269 
 0.0278100190 
 0.0167457429 
 0.0337470126 
 0.0240070889 
 0.0299765980 
 0.0237775709 
 0.0094966822 
 0.0108985645 
 0.0104133943 
 0.0066555730 
 0.0132025067 
 0.0080988289 
 0.0151131822 
 0.0121182276 
 0.0064991041 
 0.0083185847 
 0.0071623076 
 0.0093404800 
 0.0631512894 
 0.0373347457 
 0.0184107876 
 0.0172808952 
 0.0284415002 
 0.0230665761 
 0.0085144090 
 0.0103352368 
 0.0117501940 
 0.0087360489 
 0.0173069502 
 0.0164570278 
 0.0200753070 
 0.0209909759 
 0.0161266003 
 0.0097245246 
 0.0126227200 
 0.0014894657 
 0.0070936179 
 0.0055829813 
 0.0030480258 
 0.0046201635 
 0.0035772221 
 0.0055702781 
 0.0046687569 
 0.0025796084 
 0.0054931938 
 0.0033942401 
 0.0038917978 
 0.0109189207 
 0.0125674992 
 0.0052266890 
 0.0775801646 
 0.0436580736 
 0.0450543728 
 0.0266293408 
 0.0418149933 
 0.0248765472 
 0.0932598570 
 0.0501129395 
 0.1018679258 
 0.0558840588 
 0.0042595328 
 0.0061167724 
 0.0291602606 
 0.0183880312 
 0.0623984768 
 0.0352499949 
 0.0276944622 
 0.0173448958 
 0.0894628197 
 0.0489682703 
 0.0451650436 
 0.0267632726 
 0.0415976103 
 0.0247810550 
 0.0935459479 
 0.0507389581 
 0.0513028525 
 0.0304741273 
 0.0063519310 
 0.0064359068 
 0.0589383344 
 0.0334480267 
 0.0624916732 
 0.0354651175 
 0.0110308944 
 0.0090564802 
 0.0079607794 
 0.0064571085 
 0.0058044779 
 0.0311039482 
 0.0174970656 
 0.0182688500 
 0.0037661363 
 0.0038151013 
 0.0033355138 
 0.0029970418 
 0.0059671588 
 0.0160306582 
 0.0079949499 
 0.0137742644 
 0.0027850096 
 0.0035380344 
 0.0027854609 
 0.0028204888 
 0.0191352265 
 0.0114113255 
 0.0275234349 
 0.0160974497 
 0.0052926743 
 0.0037426684 
 0.0029623018 
 0.0039176428 
 0.0128096044 
 0.0097952311 
 0.0838818023 
 0.0453092757 
 0.0346150236 
 0.0198946559 
 0.0704462146 
 0.0385593442 
 0.0071731825 
 0.0052768128 
 0.0046751036 
 0.0038466606 
 0.0034732946 
 0.0035135180 
 0.0029409785 
 0.0038964791 
 0.0462487644 
 0.0265034408 
 0.0854852972 
 0.0461322266 
 0.0348476356 
 0.0200344248 
 0.0712855463 
 0.0400815210 
 0.1023685368 
 0.0549785683 
 0.0052010302 
 0.0000135303 
 0.0045954332 
 0.0058621444 
 0.0023609583 
 0.0005638509 
 0.0022237370 
 0.0023320279 
 0.0049233148 
 0.0995621134 
 0.0241033548 
 0.0176788709 
 0.0055663396 
 0.0023086836 
 0.0018758157 
 0.0020605519 
 0.0289028085 
 0.0023877873 
 0.0146681108 
 0.0156439110 
 0.0154241638 
 0.0158164584 
 0.0151294514 
 0.0149044356 
 0.0285938429 
 0.0016217819 
 0.0105081253 
 0.0123748090 
 0.0105863810 
 0.0129879260 
 0.0112608051 
 0.0114985142 
 0.0217285299 
 0.0014843224 
 0.0104903457 
 0.0106269856 
 0.0095403569 
 0.0102446523 
 0.0104586434 
 0.0100934739 
 0.0094425881 
 0.0137706890 
 0.0073138867 
 0.0067767349 
 0.0094858330 
 0.0098578197 
 0.0093777552 
 0.0109039976 
 0.0047236098 
 0.0065601892 
 0.0084544874 
 0.0096061499 
 0.0137016379 
 0.0108813371 
 0.0115854119 
 0.0072440091 
 0.0585057556 
 0.0329578557 
 0.0093094190 
 0.0146047979 
 0.0083109895 
 0.0102398806 
 0.0091630774 
 0.0102618673 
 0.0069676668 
 0.0072608659 
 0.0055672482 
 0.0083793508 
 0.0111460262 
 0.0102784710 
 0.0307454044 
 0.0192375646 
 0.0201291468 
 0.0125764791 
 0.0124036610 
 0.0101294575 
 0.0047956527 
 0.0063621769 
 0.0151871867 
 0.0013121900 
 0.0052502535 
 0.0058022572 
 0.0061309880 
 0.0089959524 
 0.0071962034 
 0.0051227498 
 0.0068811513 
 0.0063593602 
 0.0046832431 
 0.0054134837 
 0.0021664424 
 0.0026506583 
 0.0132432763 
 0.0100062459 
 0.0351424973 
 0.0238784941 
 0.0311693738 
 0.0179142201 
 0.0115992537 
 0.0071630668 
 0.0187649636 
 0.0175251296 
 0.0209769217 
 0.0201102182 
 0.0050653669 
 0.0047372102 
 0.0041784163 
 0.0048000644 
 0.0021799778 
 0.0023084978 
 0.0825091036 
 0.0428042575 
 0.0681931290 
 0.0392080192 
 0.0196428844 
 0.0143791909 
 0.0121702378 
 0.0079965588 
 0.0158868989 
 0.0113835050 
 0.0156611755 
 0.0097325581 
 0.0157270607 
 0.0092840402 
 0.0120070670 
 0.0010761809 
 0.0034634940 
 0.0043943069 
 0.0037489461 
 0.0055282393 
 0.0048887783 
 0.0029495177 
 0.0066294704 
 0.0015510010 
 0.0045562965 
 0.0034612707 
 0.0043140649 
 0.0026443776 
 0.0042432417 
 0.0025263961 
 0.0027145572 
 0.0034858497 
 0.0429650137 
 0.0266406699 
 0.0702276286 
 0.0382600278 
 0.0703601789 
 0.0373542356 
 0.0339622265 
 0.0197470839 
 0.0042917188 
 0.0044325561 
 0.0173239977 
 0.0108878366 
 0.0115057411 
 0.0099133298 
 0.0060755516 
 0.0070077673 
 0.0208827267 
 0.0136220317 
 0.0713584922 
 0.0382141949 
 0.0707006765 
 0.0383236738 
 0.0871008101 
 0.0458508592 
 0.0325957589 
 0.0185656637 
 0.0062727037 
 0.0067239758 
 0.0067236265 
 0.0072835291 
 0.0055774131 
 0.0068100520 
 0.0059833100 
 0.0068288519 
 0.0071610859 
 0.0061337272 
 0.0027749213 
 0.0008571307 
 0.0028662940 
 0.0019776741 
 0.0019698986 
 0.0037616403 
 0.0027964020 
 0.0035114471 
 0.0055517333 
 0.0002918585 
 0.0026619846 
 0.0031410693 
 0.0026194280 
 0.0059537826 
 0.0088055413 
 0.0030425896 
 0.0027951125 
 0.0020828459 
 0.0022563137 
 0.0018693087 
 0.0033151118 
 0.0055807866 
 0.0139937747 
 0.0094323249 
 0.0845027119 
 0.0456417895 
 0.1013604870 
 0.0540486158 
 0.0661113982 
 0.0356428586 
 0.0178333552 
 0.0119856441 
 0.0031455248 
 0.0032559170 
 0.0024003138 
 0.0024731883 
 0.0034733127 
 0.0035134990 
 0.0199813309 
 0.0124166614 
 0.0846399475 
 0.0456990375 
 0.1012866253 
 0.0540328887 
 0.0449275477 
 0.0250768960 
 0.0544238242 
 0.0296187100 
 0.1045742476 
 0.0559047080 
 0.0048024183 
 0.0000135304 
 0.0022261314 
 0.0021910703 
 0.0025397726 
 0.0012428054 
 0.0044589239 
 0.0006107228 
 0.0046747451 
 0.0991893269 
 0.0019318668 
 0.0021888196 
 0.0055274260 
 0.0175407586 
 0.0226728789 
 0.0020863094 
 0.0289028085 
 0.0019412052 
 0.0247961679 
 0.0319506584 
 0.0154735898 
 0.0189653602 
 0.0150041486 
 0.0152349298 
 0.0286133042 
 0.0016910010 
 0.0196751956 
 0.0278144555 
 0.0163717298 
 0.0121884833 
 0.0101201509 
 0.0129660572 
 0.0239989816 
 0.0017966568 
 0.0117447093 
 0.0098433999 
 0.0105369457 
 0.0236340569 
 0.0258078719 
 0.0160739014 
 0.0346038580 
 0.0232041592 
 0.0093368496 
 0.0093566784 
 0.0143649870 
 0.0180009974 
 0.0112671764 
 0.0128616356 
 0.0151958073 
 0.0123327160 
 0.0086503716 
 0.0071242633 
 0.0102653204 
 0.0121802888 
 0.0089845668 
 0.0107706488 
 0.0073132359 
 0.0089498389 
 0.0123926667 
 0.0175023117 
 0.0106099103 
 0.0130665918 
 0.0103890995 
 0.0115877048 
 0.0109092879 
 0.0123294840 
 0.0072317208 
 0.0107303257 
 0.0088080295 
 0.0079542788 
 0.0073808141 
 0.0066727555 
 0.0080455506 
 0.0095637958 
 0.0084874687 
 0.0092784940 
 0.0065655437 
 0.0084575829 
 0.0167270207 
 0.0315978197 
 0.0091978929 
 0.0101340061 
 0.0105782840 
 0.0099275740 
 0.0081580514 
 0.0055291126 
 0.0206500669 
 0.0138055867 
 0.0272526810 
 0.0181242991 
 0.0450649411 
 0.0289471876 
 0.0543723103 
 0.0370703259 
 0.1024138110 
 0.0575945061 
 0.0422486422 
 0.0278887597 
 0.0091449317 
 0.0062086757 
 0.0125847156 
 0.0119588428 
 0.0378499736 
 0.0594437736 
 0.0190023150 
 0.0129436845 
 0.0316760108 
 0.0219770698 
 0.0754494794 
 0.0456090840 
 0.0953812647 
 0.0562139006 
 0.1046180324 
 0.0619994623 
 0.0381353454 
 0.0253041022 
 0.0152338945 
 0.0173544467 
 0.0385806697 
 0.0597894414 
 0.0544176370 
 0.0897753887 
 0.0642094695 
 0.1042242521 
 0.0182514048 
 0.0041719184 
 0.0074521007 
 0.0068611305 
 0.0045728224 
 0.0132827957 
 0.0250342663 
 0.0075272142 
 0.0077228729 
 0.0012436738 
 0.0054152072 
 0.0045690152 
 0.0046851262 
 0.0158780547 
 0.0166984076 
 0.0119805426 
 0.0125191923 
 0.0093080383 
 0.0180221701 
 0.0117948302 
 0.0151118158 
 0.0118565655 
 0.0274518404 
 0.0191931307 
 0.0429952136 
 0.0268049646 
 0.0744309291 
 0.0417389042 
 0.0599729277 
 0.0342889861 
 0.0561864039 
 0.0304410976 
 0.0305436635 
 0.0192633043 
 0.0065961879 
 0.0071321784 
 0.0062370129 
 0.0077012734 
 0.0058241524 
 0.0073324009 
 0.0287642453 
 0.0197857838 
 0.0724343492 
 0.0416152334 
 0.0784864181 
 0.0442450434 
 0.0604063282 
 0.0344552411 
 0.0581075233 
 0.0337279723 
 0.0223751499 
 0.0153831377 
 0.0058964861 
 0.0058070102 
 0.0036117398 
 0.0277753910 
 0.0093656135 
 0.0045847433 
 0.0068261273 
 0.0043357276 
 0.0032825196 
 0.0029661610 
 0.0087201626 
 0.0083625752 
 0.0164354367 
 0.0168785990 
 0.0069750442 
 0.0034281988 
 0.0027899341 
 0.0030531391 
 0.0173102042 
 0.0104765088 
 0.0282303132 
 0.0164198622 
 0.0088028640 
 0.0062383222 
 0.0150703092 
 0.0099705850 
 0.0469503492 
 0.0268656111 
 0.0873157858 
 0.0470262649 
 0.0381558625 
 0.0216650812 
 0.0739481317 
 0.0402602884 
 0.0165713351 
 0.0093050970 
 0.0317264169 
 0.0181511420 
 0.0154176880 
 0.0094856982 
 0.0332526329 
 0.0190522925 
 0.0997225694 
 0.0532403528 
 0.0873470489 
 0.0470630972 
 0.0381460462 
 0.0216848198 
 0.0742062409 
 0.0416067065 
 0.1024296477 
 0.0549237392 
 0.0053328653 
 0.0000135304 
 0.0139363642 
 0.0199848707 
 0.0067858106 
 0.0012457793 
 0.0022237386 
 0.0022632749 
 0.0046747451 
 0.1001794664 
 0.0201387733 
 0.0189005678 
 0.0107807992 
 0.0022829277 
 0.0018758167 
 0.0020605584 
 0.0289028085 
 0.0019192511 
 0.0148154404 
 0.0155236708 
 0.0152252088 
 0.0158702035 
 0.0152186876 
 0.0152094447 
 0.0285895674 
 0.0016599190 
 0.0117611732 
 0.0104787027 
 0.0095239802 
 0.0129234659 
 0.0113956736 
 0.0128377801 
 0.0211412732 
 0.0013533025 
 0.0096213730 
 0.0105006730 
 0.0107293079 
 0.0101750557 
 0.0086189822 
 0.0094197707 
 0.0068351587 
 0.0082216827 
 0.0111396659 
 0.0134059840 
 0.0115871223 
 0.0126347434 
 0.0114037180 
 0.0132118098 
 0.0095848402 
 0.0156100608 
 0.0087404678 
 0.0075522397 
 0.0077637608 
 0.0075343236 
 0.0065591950 
 0.0062904516 
 0.0064342092 
 0.0057423051 
 0.0096744112 
 0.0156797434 
 0.0080186732 
 0.0089278819 
 0.0104699497 
 0.0122108562 
 0.0082838304 
 0.0080310271 
 0.0099941764 
 0.0165058789 
 0.0083632520 
 0.0078950842 
 0.0084788875 
 0.0093266343 
 0.0051352825 
 0.0034036911 
 0.0084072444 
 0.0070638792 
 0.0068423247 
 0.0095123538 
 0.0135475624 
 0.0014512723 
 0.0043381193 
 0.0051861189 
 0.0086524403 
 0.0082206788 
 0.0076545751 
 0.0052496532 
 0.0071960178 
 0.0054193123 
 0.0068873246 
 0.0080423322 
 0.0617801538 
 0.0336619186 
 0.0775266375 
 0.0423859418 
 0.0377837332 
 0.0261507431 
 0.0287052009 
 0.0189573423 
 0.0131170432 
 0.0131439185 
 0.0120028746 
 0.0080481113 
 0.0126486756 
 0.0081613180 
 0.0031955296 
 0.0053542682 
 0.0051320521 
 0.0048204526 
 0.0316644556 
 0.0208436590 
 0.0302609011 
 0.0204176743 
 0.0627000874 
 0.0372732694 
 0.0146501835 
 0.0120784663 
 0.0107175552 
 0.0081828743 
 0.0128010389 
 0.0087054086 
 0.0135526224 
 0.0083734906 
 0.0142922999 
 0.0086681428 
 0.0133597411 
 0.0016020515 
 0.0048718471 
 0.0049591995 
 0.0044213119 
 0.0055399870 
 0.0021623757 
 0.0053687229 
 0.0041076055 
 0.0065213031 
 0.0048829193 
 0.0033211595 
 0.0062033731 
 0.0047000479 
 0.0047262166 
 0.0053082817 
 0.0835870023 
 0.0472413988 
 0.0389936962 
 0.0225933011 
 0.0350602358 
 0.0209813228 
 0.0916046418 
 0.0510984844 
 0.1062241147 
 0.0580748153 
 0.0850538863 
 0.0470170432 
 0.0694014759 
 0.0387039006 
 0.0668743949 
 0.0382815106 
 0.0064859503 
 0.0078048419 
 0.0871855852 
 0.0489240161 
 0.0386338300 
 0.0229220198 
 0.0360125324 
 0.0225181688 
 0.0915983410 
 0.0510956784 
 0.1066068041 
 0.0589197824 
 0.0852212561 
 0.0471751856 
 0.0694300358 
 0.0388069511 
 0.0523131415 
 0.0309455872 
 0.0065198840 
 0.0078834419 
 0.0075244496 
 0.0068649346 
 0.0070075843 
 0.0333789098 
 0.0178279420 
 0.0051106789 
 0.0035160663 
 0.0039322122 
 0.0027778514 
 0.0198674587 
 0.0080077976 
 0.0062811180 
 0.0197364993 
 0.0046248521 
 0.0033432626 
 0.0030846153 
 0.0026349428 
 0.0190784211 
 0.0059738718 
 0.0039978615 
 0.0028838067 
 0.0034717644 
 0.0028057450 
 0.0024154888 
 0.0379836084 
 0.0214272270 
 0.0715913874 
 0.0391861302 
 0.0369483853 
 0.0218425653 
 0.0331698615 
 0.0191720749 
 0.0669780508 
 0.0368153349 
 0.0024984846 
 0.0022094139 
 0.0020609433 
 0.0031084853 
 0.0068696729 
 0.0052116932 
 0.0138818318 
 0.0093668966 
 0.0341319127 
 0.0204450247 
 0.0226320837 
 0.0147056145 
 0.0304979736 
 0.0178604441 
 0.0692754078 
 0.0379540357 
 0.1010023135 
 0.0542652918 
 0.0051347901 
 0.0000135303 
 0.0032990259 
 0.0014446354 
 0.0023609605 
 0.0003139503 
 0.0022237336 
 0.0031499251 
 0.0046747452 
 0.0986832027 
 0.0231896216 
 0.0023046952 
 0.0020379268 
 0.0021799231 
 0.0021977273 
 0.0185424713 
 0.0249680045 
 0.0019948060 
 0.0135894584 
 0.0173541404 
 0.0144527018 
 0.0143417272 
 0.0266193842 
 0.0360020922 
 0.0254162429 
 0.0016533004 
 0.0171912287 
 0.0131979615 
 0.0107430616 
 0.0120321764 
 0.0316832506 
 0.0344171843 
 0.0219678344 
 0.0015932564 
 0.0096663742 
 0.0248001548 
 0.0184856867 
 0.0130539746 
 0.0109978885 
 0.0098836896 
 0.0098194864 
 0.0152482407 
 0.0065842415 
 0.0076769175 
 0.0081610228 
 0.0109159724 
 0.0083815911 
 0.0115509968 
 0.0053620134 
 0.0077456691 
 0.0093138678 
 0.0120815402 
 0.0066280182 
 0.0080021507 
 0.0172094943 
 0.0113779530 
 0.0463149630 
 0.0286968026 
 0.0109600037 
 0.0169532511 
 0.0084632624 
 0.0086119370 
 0.0103177748 
 0.0119545260 
 0.0106127162 
 0.0126700659 
 0.0100204763 
 0.0165800378 
 0.0073574124 
 0.0075755077 
 0.0056898016 
 0.0061573649 
 0.0274606927 
 0.0172244054 
 0.0350973424 
 0.0230359464 
 0.0524938836 
 0.0316321188 
 0.0141214756 
 0.0322018887 
 0.0013938949 
 0.0047676820 
 0.0064866352 
 0.0068601198 
 0.0238885679 
 0.0088262991 
 0.0072629242 
 0.0082837773 
 0.0166792028 
 0.0117508896 
 0.0602408374 
 0.0347964137 
 0.0832434302 
 0.0500642684 
 0.0579006086 
 0.0341586416 
 0.0564306025 
 0.0344993362 
 0.0129957519 
 0.0125239926 
 0.0205083018 
 0.0231708526 
 0.0348848650 
 0.0478008852 
 0.0046725483 
 0.0058258450 
 0.0144116521 
 0.0087186584 
 0.0591573311 
 0.0326013720 
 0.0885452462 
 0.0507008039 
 0.0506148446 
 0.0336553256 
 0.0289198522 
 0.0191822482 
 0.0124817045 
 0.0110777085 
 0.0162560351 
 0.0139680981 
 0.0471776119 
 0.0723630863 
 0.0588222712 
 0.0932718944 
 0.0122274897 
 0.0063063374 
 0.0053712156 
 0.0086324384 
 0.0233791647 
 0.0040411707 
 0.0034382904 
 0.0033846578 
 0.0050320179 
 0.0010610380 
 0.0045743669 
 0.0207715105 
 0.0225508926 
 0.0075263503 
 0.0045010257 
 0.0039182686 
 0.0049338820 
 0.0079847204 
 0.0199369338 
 0.0139132323 
 0.0125802409 
 0.0104637984 
 0.0317307129 
 0.0211471701 
 0.0997868555 
 0.0542488132 
 0.0690584682 
 0.0382139259 
 0.0518745255 
 0.0304040232 
 0.0509158357 
 0.0301459837 
 0.0401158827 
 0.0247105347 
 0.0697825242 
 0.0389785798 
 0.0428426375 
 0.0241615801 
 0.0192682398 
 0.0126799624 
 0.0687878847 
 0.0381381791 
 0.0993340641 
 0.0536173029 
 0.0696380495 
 0.0393649749 
 0.0523573767 
 0.0308716671 
 0.0510695508 
 0.0302757911 
 0.0396097288 
 0.0241191105 
 0.0077152853 
 0.0072129064 
 0.0032850231 
 0.0322546919 
 0.0028398824 
 0.0021852644 
 0.0028288073 
 0.0038716077 
 0.0089240303 
 0.0031222648 
 0.0078687280 
 0.0079474231 
 0.0041323408 
 0.0033100982 
 0.0025053801 
 0.0030631763 
 0.0216943277 
 0.0255083093 
 0.0061449177 
 0.0048866685 
 0.0200148331 
 0.0117304320 
 0.0046394207 
 0.0041238555 
 0.0320649035 
 0.0184689372 
 0.0927094866 
 0.0497451757 
 0.0918088448 
 0.0492727988 
 0.0493451620 
 0.0272597228 
 0.0807975345 
 0.0433174173 
 0.0031607561 
 0.0024055980 
 0.0203648806 
 0.0115022856 
 0.0044997326 
 0.0040267335 
 0.0409642265 
 0.0229080779 
 0.0927622633 
 0.0497602041 
 0.0868861157 
 0.0468326294 
 0.0493731051 
 0.0272978647 
 0.0816837245 
 0.0440180279 
 0.1006464774 
 0.0539561274 
 0.0066307031 
 0.0000135303 
 0.0035674952 
 0.0021273533 
 0.0023609616 
 0.0006316720 
 0.0189422029 
 0.0221139653 
 0.0051718767 
 0.0765670354 
 0.0054342929 
 0.0022532056 
 0.0019993030 
 0.0021799232 
 0.0269709815 
 0.0214779832 
 0.0249680045 
 0.0025280977 
 0.0134283672 
 0.0238264000 
 0.0271111482 
 0.0143103589 
 0.0137846079 
 0.0133409587 
 0.0252307864 
 0.0016521051 
 0.0098988855 
 0.0230770425 
 0.0162785570 
 0.0137828028 
 0.0113308258 
 0.0109218882 
 0.0220975494 
 0.0013515356 
 0.0116160915 
 0.0106249878 
 0.0094291103 
 0.0094513195 
 0.0104241048 
 0.0118009599 
 0.0070503748 
 0.0078184167 
 0.0109714879 
 0.0113827935 
 0.0099099811 
 0.0094363454 
 0.0168941157 
 0.0141821662 
 0.0888007966 
 0.0534654276 
 0.0267609607 
 0.0189589303 
 0.0129280083 
 0.0117236997 
 0.0248993929 
 0.0175654395 
 0.0137855045 
 0.0097184506 
 0.0090894342 
 0.0093724501 
 0.0133630687 
 0.0127046631 
 0.0096587809 
 0.0097629567 
 0.0234313952 
 0.0178077087 
 0.0930741605 
 0.0561638206 
 0.0254524365 
 0.0177627259 
 0.0083491266 
 0.0059793487 
 0.0064474456 
 0.0084886780 
 0.0359013285 
 0.0199609798 
 0.0543352208 
 0.0315949394 
 0.0163834546 
 0.0207258044 
 0.0085451310 
 0.0115161647 
 0.0171017592 
 0.0098783240 
 0.0077324684 
 0.0052657112 
 0.0065413469 
 0.0059310177 
 0.0087891080 
 0.0089729898 
 0.0291302998 
 0.0161476152 
 0.0150186453 
 0.0122346802 
 0.0255126034 
 0.0207215461 
 0.0053076325 
 0.0070745594 
 0.0067403687 
 0.0058856283 
 0.0095738947 
 0.0068296841 
 0.0297965214 
 0.0417687052 
 0.0079014206 
 0.0065746839 
 0.0157089502 
 0.0122369904 
 0.0499639132 
 0.0276356839 
 0.0143293630 
 0.0123801573 
 0.0124270237 
 0.0126852622 
 0.0117322236 
 0.0104477912 
 0.0095276497 
 0.0088546464 
 0.0170535469 
 0.0195535891 
 0.0160449742 
 0.0116088026 
 0.0176189491 
 0.0104913268 
 0.0141848196 
 0.0011522423 
 0.0059589043 
 0.0054605019 
 0.0041748955 
 0.0049777932 
 0.0185900927 
 0.0095826432 
 0.0061888975 
 0.0018855421 
 0.0047433422 
 0.0035264921 
 0.0049762451 
 0.0027293921 
 0.0070364905 
 0.0117444656 
 0.0034258306 
 0.0040762731 
 0.0053076412 
 0.0067965885 
 0.0173925526 
 0.0113753231 
 0.0388422244 
 0.0216197476 
 0.1010614324 
 0.0569930734 
 0.0673615764 
 0.0383774812 
 0.0151935422 
 0.0119284692 
 0.0226542070 
 0.0158167863 
 0.0356515620 
 0.0221140473 
 0.0057600829 
 0.0086333287 
 0.0157112067 
 0.0118662018 
 0.0435821460 
 0.0247183596 
 0.0657475217 
 0.0368811414 
 0.0997933044 
 0.0546028418 
 0.0666981679 
 0.0373351452 
 0.0100891799 
 0.0094448240 
 0.0368275039 
 0.0230106407 
 0.0350684140 
 0.0210013378 
 0.0064356229 
 0.0061222887 
 0.0029041379 
 0.0299675339 
 0.0038658404 
 0.0036553074 
 0.0074755915 
 0.0041759849 
 0.0031991309 
 0.0038684288 
 0.0058595431 
 0.0103165635 
 0.0047952708 
 0.0202157991 
 0.0153336090 
 0.0033162116 
 0.0027468606 
 0.0029529988 
 0.0045049328 
 0.0042988528 
 0.0075410148 
 0.0062754802 
 0.0029024904 
 0.0030286503 
 0.0198676229 
 0.0123692333 
 0.0943879555 
 0.0505844071 
 0.0930459893 
 0.0498913721 
 0.0496387160 
 0.0274065165 
 0.0816766587 
 0.0438205474 
 0.0056184788 
 0.0041290128 
 0.0179466509 
 0.0114916121 
 0.0038652114 
 0.0037095110 
 0.0436126898 
 0.0242323338 
 0.0943278875 
 0.0505430098 
 0.0934626530 
 0.0501209005 
 0.0495204630 
 0.0273737493 
 0.0813773049 
 0.0439638541 
 0.0930860102 
 0.0498039448 
 0.0051969554 
 0.0000135303 
 0.0028073618 
 0.0102575182 
 0.0051771635 
 0.0005076770 
 0.0022237356 
 0.0018545224 
 0.0046747452 
 0.1001864804 
 0.0073531051 
 0.0161858117 
 0.0209532291 
 0.0022958132 
 0.0019015644 
 0.0020605579 
 0.0289028085 
 0.0018960919 
 0.0129098650 
 0.0148504313 
 0.0152011147 
 0.0158990811 
 0.0144067314 
 0.0136864464 
 0.0269086348 
 0.0016206535 
 0.0079353765 
 0.0085733836 
 0.0147826386 
 0.0137486556 
 0.0119041138 
 0.0115363860 
 0.0193084783 
 0.0013225715 
 0.0166165223 
 0.0116221031 
 0.0095103642 
 0.0086625154 
 0.0130865263 
 0.0258534050 
 0.0096693298 
 0.0140406702 
 0.0093018412 
 0.0111232274 
 0.0145857403 
 0.0136055678 
 0.0225214752 
 0.0157668500 
 0.0416989898 
 0.0307701561 
 0.0107733388 
 0.0127650092 
 0.0083023369 
 0.0089745048 
 0.0129582113 
 0.0112917684 
 0.0637711704 
 0.0375021148 
 0.0105695209 
 0.0157273243 
 0.0110634725 
 0.0094258423 
 0.0140814186 
 0.0102658609 
 0.0211885923 
 0.0176973220 
 0.0088403101 
 0.0147400411 
 0.0104088747 
 0.0122670870 
 0.0095203070 
 0.0121275082 
 0.0403030034 
 0.0234256860 
 0.0644961858 
 0.0370477058 
 0.0677835809 
 0.0397156526 
 0.0159820357 
 0.0014333595 
 0.0047002266 
 0.0094207215 
 0.0204550730 
 0.0124551035 
 0.0063456597 
 0.0045355805 
 0.0069149973 
 0.0063374086 
 0.0065329238 
 0.0076060187 
 0.0059765245 
 0.0085037047 
 0.0316144775 
 0.0206595310 
 0.0674738747 
 0.0398915480 
 0.0036018716 
 0.0044486571 
 0.0066276583 
 0.0047357808 
 0.0071510088 
 0.0039567950 
 0.0146829491 
 0.0136511759 
 0.0076295557 
 0.0093206318 
 0.0052090009 
 0.0051718806 
 0.0050539079 
 0.0055865958 
 0.0584893906 
 0.0341131993 
 0.0323367164 
 0.0215147771 
 0.0037659453 
 0.0047005455 
 0.0068942508 
 0.0050540094 
 0.0055249581 
 0.0047315320 
 0.0305420999 
 0.0431962686 
 0.0529290572 
 0.0865855351 
 0.0135031551 
 0.0013385994 
 0.0057631019 
 0.0046604520 
 0.0031343755 
 0.0054258040 
 0.0050515141 
 0.0054063501 
 0.0063194016 
 0.0068948517 
 0.0052987338 
 0.0033201471 
 0.0048600243 
 0.0057643690 
 0.0051214845 
 0.0044497131 
 0.0674509593 
 0.0380194506 
 0.0350037982 
 0.0229067380 
 0.0649019024 
 0.0377055251 
 0.1115810329 
 0.0602302367 
 0.0962625116 
 0.0531959864 
 0.0560694760 
 0.0324109670 
 0.0364924155 
 0.0232345874 
 0.0346349727 
 0.0225741871 
 0.0236899721 
 0.0167709209 
 0.0704456678 
 0.0413873447 
 0.0675377256 
 0.0391699083 
 0.0712821167 
 0.0407482834 
 0.1051154540 
 0.0584918787 
 0.0962787580 
 0.0533028036 
 0.0567690122 
 0.0334514086 
 0.0363547898 
 0.0229592017 
 0.0343112522 
 0.0214789608 
 0.0226508290 
 0.0146620891 
 0.0078232437 
 0.0070213147 
 0.0068670453 
 0.0378202547 
 0.0036359542 
 0.0089460288 
 0.0231902556 
 0.0146787637 
 0.0033133513 
 0.0040087313 
 0.0105384615 
 0.0102355314 
 0.0028175093 
 0.0089765361 
 0.0214685415 
 0.0143466912 
 0.0028187581 
 0.0030925831 
 0.0030712637 
 0.0027433295 
 0.0033814691 
 0.0039870116 
 0.0032032260 
 0.0036156604 
 0.0308979746 
 0.0178844107 
 0.0882428204 
 0.0475118462 
 0.0989418468 
 0.0528392994 
 0.0205114702 
 0.0128428712 
 0.0886699787 
 0.0473195473 
 0.0034259547 
 0.0037230083 
 0.0046338028 
 0.0046472269 
 0.0048728701 
 0.0063126301 
 0.0307416072 
 0.0177967886 
 0.0884117617 
 0.0475849483 
 0.0990064853 
 0.0528928148 
 0.0112303519 
 0.0082257958 
 0.0900367933 
 0.0480556897 
 0.0815969896 
 0.0441183967 
 0.0066654154 
 0.0000135303 
 0.0022261296 
 0.0045011501 
 0.0104079945 
 0.0038183573 
 0.0022684465 
 0.0021037836 
 0.0052961544 
 0.1003076376 
 0.0019061199 
 0.0051245435 
 0.0240184445 
 0.0107809821 
 0.0019659450 
 0.0020605536 
 0.0289028085 
 0.0019446909 
 0.0152169089 
 0.0158641688 
 0.0187554020 
 0.0352698318 
 0.0148769829 
 0.0150033843 
 0.0286831659 
 0.0016475233 
 0.0102100464 
 0.0123563297 
 0.0246013668 
 0.0319952248 
 0.0174357877 
 0.0115777825 
 0.0225512869 
 0.0020209302 
 0.0251934543 
 0.0129790127 
 0.0093153983 
 0.0098739449 
 0.0099966485 
 0.0230339319 
 0.0531235371 
 0.0321953500 
 0.0168076046 
 0.0147556264 
 0.0109830281 
 0.0086556738 
 0.0196519783 
 0.0149902623 
 0.0214585974 
 0.0196435247 
 0.0101637597 
 0.0093062263 
 0.0072997852 
 0.0057219319 
 0.0059277027 
 0.0042649360 
 0.0048467908 
 0.0050606616 
 0.0182266051 
 0.0182204984 
 0.0098624833 
 0.0109632147 
 0.0113078175 
 0.0102682700 
 0.0102735752 
 0.0102808888 
 0.0089649277 
 0.0137810811 
 0.0088687154 
 0.0078652324 
 0.0069769943 
 0.0052189835 
 0.0035589751 
 0.0035180157 
 0.0039578447 
 0.0047205656 
 0.0050673858 
 0.0054330626 
 0.0161154990 
 0.0015179625 
 0.0047781091 
 0.0074427642 
 0.0101300914 
 0.0107812153 
 0.0084578485 
 0.0049433558 
 0.0055963963 
 0.0055335007 
 0.0056523452 
 0.0084282363 
 0.0281075759 
 0.0164021691 
 0.0567866463 
 0.0325867487 
 0.0422822068 
 0.0250594824 
 0.0101663813 
 0.0073322890 
 0.0102563269 
 0.0080994802 
 0.0125262882 
 0.0077354164 
 0.0167613721 
 0.0105390068 
 0.0063289375 
 0.0080863455 
 0.0043972353 
 0.0050362370 
 0.0418232497 
 0.0246578889 
 0.0924186550 
 0.0492661778 
 0.0522845143 
 0.0347069694 
 0.0099866476 
 0.0114226390 
 0.0104754318 
 0.0083463483 
 0.0152649024 
 0.0118320835 
 0.0172601721 
 0.0102703980 
 0.0194982399 
 0.0113559529 
 0.0148923114 
 0.0013825401 
 0.0070813174 
 0.0061734395 
 0.0034237713 
 0.0043264938 
 0.0046763670 
 0.0062796273 
 0.0062191168 
 0.0061132634 
 0.0245975982 
 0.0077408296 
 0.0041487199 
 0.0029129195 
 0.0049722831 
 0.0124553293 
 0.0841464474 
 0.0470989616 
 0.0539943796 
 0.0296794256 
 0.0422011771 
 0.0224893543 
 0.0353610124 
 0.0215218677 
 0.0170212001 
 0.0104584315 
 0.0074112269 
 0.0072764676 
 0.0044399552 
 0.0053511250 
 0.0052286987 
 0.0064772537 
 0.0054143880 
 0.0062923847 
 0.0447470767 
 0.0277229248 
 0.0148983955 
 0.0102011647 
 0.0102328334 
 0.0064113662 
 0.0076196050 
 0.0069334316 
 0.0116450783 
 0.0093175616 
 0.0078945265 
 0.0066942252 
 0.0045561148 
 0.0061248210 
 0.0051538152 
 0.0065054987 
 0.0054920297 
 0.0063013057 
 0.0068803703 
 0.0058290484 
 0.0076531713 
 0.0255024557 
 0.0027519002 
 0.0039590022 
 0.0196836932 
 0.0218560729 
 0.0079652823 
 0.0034247783 
 0.0067479990 
 0.0005718817 
 0.0025941536 
 0.0031035119 
 0.0033112050 
 0.0052348109 
 0.0027725403 
 0.0029739951 
 0.0034665880 
 0.0036638637 
 0.0031405107 
 0.0039876140 
 0.0028544871 
 0.0034703412 
 0.0144856234 
 0.0096792964 
 0.0855677131 
 0.0461742967 
 0.1015930672 
 0.0541649053 
 0.0677916084 
 0.0364829478 
 0.0954788389 
 0.0525317909 
 0.0031455493 
 0.0033434479 
 0.0030705084 
 0.0039284248 
 0.0034733037 
 0.0035135085 
 0.0123127379 
 0.0085823354 
 0.0848128832 
 0.0457855097 
 0.1016139369 
 0.0541965408 
 0.0678868790 
 0.0365544083 
 0.0947875743 
 0.0525813838 
 0.1045521515 
 0.0559477719 
 0.0051273931 
 0.0000135303 
 0.0022261399 
 0.0022228253 
 0.0029867557 
 0.0008312938 
 0.0024919972 
 0.0020686813 
 0.0050476588 
 0.1003137782 
 0.0019061148 
 0.0021888230 
 0.0199879618 
 0.0175680492 
 0.0096147687 
 0.0021635672 
 0.0249680045 
 0.0018978559 
 0.0141109784 
 0.0153378609 
 0.0146907596 
 0.0142510200 
 0.0137541485 
 0.0135074172 
 0.0277918770 
 0.0016571854 
 0.0088658668 
 0.0192413399 
 0.0268792162 
 0.0188969852 
 0.0117365586 
 0.0102736624 
 0.0212306699 
 0.0051242817 
 0.0115061450 
 0.0108265758 
 0.0096208034 
 0.0092560117 
 0.0101351991 
 0.0110017114 
 0.0128486870 
 0.0154263914 
 0.0119410672 
 0.0129387247 
 0.0077683701 
 0.0098092031 
 0.0089386325 
 0.0111355576 
 0.0046800642 
 0.0062112317 
 0.0095029832 
 0.0109652879 
 0.0422208613 
 0.0259430515 
 0.0249070677 
 0.0146515956 
 0.0040203209 
 0.0040169977 
 0.0227018558 
 0.0215479644 
 0.0096088469 
 0.0111896256 
 0.0102525015 
 0.0111572211 
 0.0098483251 
 0.0116989515 
 0.0067176980 
 0.0100653111 
 0.0165334590 
 0.0143627835 
 0.0437670500 
 0.0284771902 
 0.0065911871 
 0.0085390800 
 0.0045961444 
 0.0050926283 
 0.0057414594 
 0.0075142094 
 0.0159345191 
 0.0014007478 
 0.0044058024 
 0.0106530057 
 0.0072937637 
 0.0080970184 
 0.0076597483 
 0.0049682931 
 0.0071855970 
 0.0074135261 
 0.0051902937 
 0.0063450474 
 0.0056193187 
 0.0077234409 
 0.0063010528 
 0.0100419559 
 0.0169210574 
 0.0168027894 
 0.0111552610 
 0.0114527519 
 0.0101610933 
 0.0078866725 
 0.0165845084 
 0.0158337379 
 0.0318214069 
 0.0446476575 
 0.0048863070 
 0.0057434144 
 0.0043543325 
 0.0058753724 
 0.0052186776 
 0.0074069765 
 0.0154947555 
 0.0085666594 
 0.0680462964 
 0.0392372215 
 0.0312704356 
 0.0199918624 
 0.0133772879 
 0.0129572351 
 0.0338682810 
 0.0487614309 
 0.0326247455 
 0.0461152951 
 0.0548262311 
 0.0899920273 
 0.0131865838 
 0.0012145986 
 0.0046765813 
 0.0056511968 
 0.0051121955 
 0.0053790375 
 0.0043130138 
 0.0039085482 
 0.0065461202 
 0.0038511753 
 0.0060817937 
 0.0037514995 
 0.0051610358 
 0.0024716858 
 0.0114519424 
 0.0068967156 
 0.0056692208 
 0.0080941712 
 0.0223553076 
 0.0158727607 
 0.0231419458 
 0.0156673614 
 0.1030943545 
 0.0564572512 
 0.0332068976 
 0.0217387978 
 0.0489072107 
 0.0273582640 
 0.0303241727 
 0.0192954694 
 0.0271993998 
 0.0176252044 
 0.0265653714 
 0.0171153374 
 0.0207044182 
 0.0158997865 
 0.0205379803 
 0.0148917427 
 0.0379982162 
 0.0220032503 
 0.0789593392 
 0.0445885625 
 0.0566639499 
 0.0330522922 
 0.0465066751 
 0.0276753816 
 0.0220053923 
 0.0144540036 
 0.0374273989 
 0.0223007168 
 0.0263008611 
 0.0164877715 
 0.0059095281 
 0.0057015795 
 0.0026215946 
 0.0165819876 
 0.0034081675 
 0.0138223574 
 0.0198144581 
 0.0072318676 
 0.0035284462 
 0.0041627786 
 0.0060129441 
 0.0005392519 
 0.0027274919 
 0.0091621846 
 0.0039614447 
 0.0034318060 
 0.0026864699 
 0.0031135399 
 0.0030741615 
 0.0027793685 
 0.0025982340 
 0.0027392479 
 0.0029818828 
 0.0033177242 
 0.0242179500 
 0.0145444030 
 0.0903167324 
 0.0485488064 
 0.0786516173 
 0.0426941815 
 0.0247878850 
 0.0149817890 
 0.0875404811 
 0.0467339035 
 0.0027366564 
 0.0023314515 
 0.0030985479 
 0.0034987771 
 0.0034733010 
 0.0035135113 
 0.0283210679 
 0.0165865104 
 0.0902084823 
 0.0484833064 
 0.0832919728 
 0.0450355589 
 0.0577671431 
 0.0314952922 
 0.0881626966 
 0.0471357551 
 0.1045964466 
 0.0559170774 
 0.0052350329 
 0.0000135304 
 0.0022261294 
 0.0020533800 
 0.0023609592 
 0.0003225221 
 0.0022237349 
 0.0020871282 
 0.0046747452 
 0.0830218677 
 0.0019061160 
 0.0021888206 
 0.0063384681 
 0.0045107113 
 0.0019659414 
 0.0020605510 
 0.0289028085 
 0.0019080111 
 0.0149688958 
 0.0157501164 
 0.0155133816 
 0.0191284261 
 0.0149495126 
 0.0151026446 
 0.0286604616 
 0.0016334394 
 0.0108820591 
 0.0123528900 
 0.0168865581 
 0.0314104488 
 0.0157612587 
 0.0122536014 
 0.0222657922 
 0.0033708536 
 0.0179369629 
 0.0131260471 
 0.0095247357 
 0.0101515916 
 0.0112171647 
 0.0121456602 
 0.0362445478 
 0.0276086488 
 0.0236974882 
 0.0185320894 
 0.0237646996 
 0.0168681004 
 0.0301032705 
 0.0209928712 
 0.0426456990 
 0.0307391425 
 0.0186493042 
 0.0146511982 
 0.0053312647 
 0.0051468872 
 0.0065605113 
 0.0076684438 
 0.0047467311 
 0.0045280644 
 0.0198863987 
 0.0190395823 
 0.0157289124 
 0.0143497482 
 0.0117362683 
 0.0087558211 
 0.0118546078 
 0.0093271839 
 0.0291364371 
 0.0225077661 
 0.0069483795 
 0.0061221475 
 0.0070593701 
 0.0082261885 
 0.0042449684 
 0.0050448774 
 0.0036397454 
 0.0033821618 
 0.0051938691 
 0.0064483664 
 0.0161611924 
 0.0010600478 
 0.0044921089 
 0.0072150608 
 0.0122865800 
 0.0153795869 
 0.0061435650 
 0.0054803590 
 0.0039771210 
 0.0070479773 
 0.0027048851 
 0.0038369316 
 0.0303597535 
 0.0211653477 
 0.0697524532 
 0.0402698807 
 0.0162004181 
 0.0178317810 
 0.0107133309 
 0.0076320147 
 0.0079756279 
 0.0053857580 
 0.0124259638 
 0.0085290246 
 0.0163248271 
 0.0102205125 
 0.0051108962 
 0.0071948575 
 0.0036532161 
 0.0047032017 
 0.0449464609 
 0.0266804920 
 0.0521414756 
 0.0340411330 
 0.0580049404 
 0.0386758493 
 0.0160066957 
 0.0145357698 
 0.0094622851 
 0.0079160465 
 0.0139963887 
 0.0101303843 
 0.0177112798 
 0.0109332026 
 0.0193120017 
 0.0113103626 
 0.0096218695 
 0.0011708652 
 0.0065673089 
 0.0050935260 
 0.0007427594 
 0.0036972409 
 0.0033582962 
 0.0052631607 
 0.0030292116 
 0.0029073660 
 0.0096727932 
 0.0072469932 
 0.0041442537 
 0.0027639826 
 0.0042765501 
 0.0095951564 
 0.0685724420 
 0.0393887650 
 0.0546793272 
 0.0314423187 
 0.0496921319 
 0.0283595518 
 0.0393978963 
 0.0218516258 
 0.0364527057 
 0.0210727634 
 0.0087721977 
 0.0061666636 
 0.0046033477 
 0.0053892722 
 0.0066840742 
 0.0052885064 
 0.0099747971 
 0.0087151107 
 0.0271697549 
 0.0179736282 
 0.0190444392 
 0.0135732383 
 0.0135469246 
 0.0095942693 
 0.0472345431 
 0.0249911575 
 0.0248505452 
 0.0147686807 
 0.0131656277 
 0.0089713851 
 0.0048678924 
 0.0057380783 
 0.0060751566 
 0.0068552224 
 0.0059298198 
 0.0051330660 
 0.0072946672 
 0.0061613187 
 0.0075567926 
 0.0255096855 
 0.0024204281 
 0.0039953032 
 0.0181599842 
 0.0118094885 
 0.0077485576 
 0.0021330025 
 0.0058945557 
 0.0004882575 
 0.0026884179 
 0.0030508529 
 0.0065237580 
 0.0146542267 
 0.0029260516 
 0.0029659495 
 0.0035055753 
 0.0034272622 
 0.0032455451 
 0.0035438189 
 0.0029666440 
 0.0026479656 
 0.0152039504 
 0.0100384819 
 0.0415890079 
 0.0241849377 
 0.0574952785 
 0.0321160112 
 0.0137027509 
 0.0094386033 
 0.0472421870 
 0.0267219164 
 0.0037301115 
 0.0041500165 
 0.0034330238 
 0.0036881314 
 0.0044063908 
 0.0053796879 
 0.0227173702 
 0.0137846753 
 0.0746030813 
 0.0406806019 
 0.0606772445 
 0.0337281970 
 0.0556406266 
 0.0304331021 
 0.0924814883 
 0.0493908849 
 0.1015651244 
 0.0545140235 
 0.0050835753 
 0.0000135305 
 0.0022261305 
 0.0029997485 
 0.0090215019 
 0.0037182755 
 0.0048604057 
 0.0024020346 
 0.0046747451 
 0.1002990709 
 0.0019061202 
 0.0021888190 
 0.0195620020 
 0.0178247344 
 0.0103098285 
 0.0020991818 
 0.2491774427 
 0.2884463648 
 