4.00004e-006
0.0126623
0.00844433
0.004222
0.00844
0.004222
0.00844433
0.00422633
0.0126623
0.104923
0.074189
0.0434
0.0741337
0.043396
0.074185
0.0434513
0.104923
0.167263
0.146463
0.125723
0.146523
0.125723
0.146463
0.125663
0.168594
0.168594
0.177941
0.177941
0.195383
0.195383
0.208623
0.208623
0.217797
0.217797
0.231398
0.231398
0.255422
0.255422
0.276673
0.276673
0.314132
0.314132
0.17019
0.17019
0.184435
0.184435
0.200206
0.200206
0.212603
0.212603
0.219399
0.219399
0.242179
0.242179
0.25826
0.25826
0.292567
0.292567
0.320027
0.320027
0.327915
0.327915
0.167262
0.260457
0.229408
0.1983
0.229349
0.198311
0.229419
0.19837
0.267573
0.267573
0.286806
0.286806
0.300133
0.300133
0.302176
0.302176
0.292933
0.292933
0.285467
0.285467
0.273262
0.273262
0.257808
0.257808
0.23677
0.23677
0.274454
0.274454
0.291843
0.291843
0.302917
0.302917
0.298177
0.298177
0.291223
0.291223
0.280983
0.280983
0.269631
0.269631
0.249289
0.249289
0.232534
0.232534
0.22742
0.22742
0.260456
0.272739
0.268629
0.264564
0.268673
0.264566
0.268632
0.264522
0.272739
0.391958
0.352197
0.312498
0.352259
0.3125
0.352199
0.312438
0.392371
0.392371
0.397373
0.397373
0.409825
0.409825
0.427499
0.427499
0.428041
0.428041
0.418163
0.418163
0.399017
0.399017
0.375484
0.375484
0.355317
0.355317
0.393921
0.393921
0.399676
0.399676
0.418112
0.418112
0.429056
0.429056
0.425933
0.425933
0.412955
0.412955
0.39069
0.39069
0.368939
0.368939
0.348471
0.348471
0.339051
0.339051
0.391958
0.453619
0.433083
0.412488
0.433024
0.412494
0.433089
0.412553
0.453619
0.579219
0.537366
0.495467
0.537321
0.495472
0.537371
0.495517
0.582703
0.582703
0.593294
0.593294
0.610084
0.610084
0.632165
0.632165
0.640504
0.640504
0.639447
0.639447
0.622738
0.622738
0.601713
0.601713
0.585984
0.585984
0.596891
0.596891
0.619187
0.619187
0.63552
0.63552
0.641606
0.641606
0.635701
0.635701
0.613141
0.613141
0.599626
0.599626
0.597444
0.597444
0.57922
0.651487
0.627414
0.603288
0.627362
0.603293
0.627419
0.603345
0.651487
0.725238
0.700707
0.676
0.700531
0.676018
0.700725
0.676194
4.00004e-006
0.0126623
0.00844433
0.004222
0.00844
0.004222
0.00844433
0.00422633
0.0126623
0.104923
0.074189
0.0434
0.0741337
0.043396
0.074185
0.0434513
0.104923
0.167263
0.146463
0.125723
0.146523
0.125723
0.146463
0.125663
0.168594
0.168594
0.177941
0.177941
0.195383
0.195383
0.208623
0.208623
0.217797
0.217797
0.231398
0.231398
0.255422
0.255422
0.276673
0.276673
0.314132
0.314132
0.17019
0.17019
0.184435
0.184435
0.200206
0.200206
0.212603
0.212603
0.219399
0.219399
0.242179
0.242179
0.25826
0.25826
0.292567
0.292567
0.320027
0.320027
0.327915
0.327915
0.167262
0.260457
0.229408
0.1983
0.229349
0.198311
0.229419
0.19837
0.267573
0.267573
0.286806
0.286806
0.300133
0.300133
0.302176
0.302176
0.292933
0.292933
0.285467
0.285467
0.273262
0.273262
0.257808
0.257808
0.23677
0.23677
0.274454
0.274454
0.291843
0.291843
0.302917
0.302917
0.298177
0.298177
0.291223
0.291223
0.280983
0.280983
0.269631
0.269631
0.249289
0.249289
0.232534
0.232534
0.22742
0.22742
0.260456
0.272739
0.268629
0.264564
0.268673
0.264566
0.268632
0.264522
0.272739
0.391958
0.352197
0.312498
0.352259
0.3125
0.352199
0.312438
0.392371
0.392371
0.397373
0.397373
0.409825
0.409825
0.427499
0.427499
0.428041
0.428041
0.418163
0.418163
0.399017
0.399017
0.375484
0.375484
0.355317
0.355317
0.393921
0.393921
0.399676
0.399676
0.418112
0.418112
0.429056
0.429056
0.425933
0.425933
0.412955
0.412955
0.39069
0.39069
0.368939
0.368939
0.348471
0.348471
0.339051
0.339051
0.391958
0.453619
0.433083
0.412488
0.433024
0.412494
0.433089
0.412553
0.453619
0.579219
0.537366
0.495467
0.537321
0.495472
0.537371
0.495517
0.582703
0.582703
0.593294
0.593294
0.610084
0.610084
0.632165
0.632165
0.640504
0.640504
0.639447
0.639447
0.622738
0.622738
0.601713
0.601713
0.585984
0.585984
0.596891
0.596891
0.619187
0.619187
0.63552
0.63552
0.641606
0.641606
0.635701
0.635701
0.613141
0.613141
0.599626
0.599626
0.597444
0.597444
0.57922
0.651487
0.627414
0.603288
0.627362
0.603293
0.627419
0.603345
0.651487
0.725238
0.700707
0.676
0.700531
0.676018
0.700725
0.676194
4.00004e-006
0.0126623
0.00844433
0.004222
0.00844
0.004222
0.00844433
0.00422633
0.0126623
0.104923
0.074189
0.0434
0.0741337
0.043396
0.074185
0.0434513
0.104923
0.167263
0.146463
0.125723
0.146523
0.125723
0.146463
0.125663
0.168594
0.168594
0.177941
0.177941
0.195383
0.195383
0.208623
0.208623
0.217797
0.217797
0.231398
0.231398
0.255422
0.255422
0.276673
0.276673
0.314132
0.314132
0.17019
0.17019
0.184435
0.184435
0.200206
0.200206
0.212603
0.212603
0.219399
0.219399
0.242179
0.242179
0.25826
0.25826
0.292567
0.292567
0.320027
0.320027
0.327915
0.327915
0.167262
0.260457
0.229408
0.1983
0.229349
0.198311
0.229419
0.19837
0.267573
0.267573
0.286806
0.286806
0.300133
0.300133
0.302176
0.302176
0.292933
0.292933
0.285467
0.285467
0.273262
0.273262
0.257808
0.257808
0.23677
0.23677
0.274454
0.274454
0.291843
0.291843
0.302917
0.302917
0.298177
0.298177
0.291223
0.291223
0.280983
0.280983
0.269631
0.269631
0.249289
0.249289
0.232534
0.232534
0.22742
0.22742
0.260456
0.272739
0.268629
0.264564
0.268673
0.264566
0.268632
0.264522
0.272739
0.391958
0.352197
0.312498
0.352259
0.3125
0.352199
0.312438
0.392371
0.392371
0.397373
0.397373
0.409825
0.409825
0.427499
0.427499
0.428041
0.428041
0.418163
0.418163
0.399017
0.399017
0.375484
0.375484
0.355317
0.355317
0.393921
0.393921
0.399676
0.399676
0.418112
0.418112
0.429056
0.429056
0.425933
0.425933
0.412955
0.412955
0.39069
0.39069
0.368939
0.368939
0.348471
0.348471
0.339051
0.339051
0.391958
0.453619
0.433083
0.412488
0.433024
0.412494
0.433089
0.412553
0.453619
0.579219
0.537366
0.495467
0.537321
0.495472
0.537371
0.495517
0.582703
0.582703
0.593294
0.593294
0.610084
0.610084
0.632165
0.632165
0.640504
0.640504
0.639447
0.639447
0.622738
0.622738
0.601713
0.601713
0.585984
0.585984
0.596891
0.596891
0.619187
0.619187
0.63552
0.63552
0.641606
0.641606
0.635701
0.635701
0.613141
0.613141
0.599626
0.599626
0.597444
0.597444
0.57922
0.651487
0.627414
0.603288
0.627362
0.603293
0.627419
0.603345
0.651487
0.725238
0.700707
0.676
0.700531
0.676018
0.700725
0.676194
4.00004e-006
0.0126623
0.00844433
0.004222
0.00844
0.004222
0.00844433
0.00422633
0.0126623
0.104923
0.074189
0.0434
0.0741337
0.043396
0.074185
0.0434513
0.104923
0.167263
0.146463
0.125723
0.146523
0.125723
0.146463
0.125663
0.168594
0.168594
0.177941
0.177941
0.195383
0.195383
0.208623
0.208623
0.217797
0.217797
0.231398
0.231398
0.255422
0.255422
0.276673
0.276673
0.314132
0.314132
0.17019
0.17019
0.184435
0.184435
0.200206
0.200206
0.212603
0.212603
0.219399
0.219399
0.242179
0.242179
0.25826
0.25826
0.292567
0.292567
0.320027
0.320027
0.327915
0.327915
0.167262
0.260457
0.229408
0.1983
0.229349
0.198311
0.229419
0.19837
0.267573
0.267573
0.286806
0.286806
0.300133
0.300133
0.302176
0.302176
0.292933
0.292933
0.285467
0.285467
0.273262
0.273262
0.257808
0.257808
0.23677
0.23677
0.274454
0.274454
0.291843
0.291843
0.302917
0.302917
0.298177
0.298177
0.291223
0.291223
0.280983
0.280983
0.269631
0.269631
0.249289
0.249289
0.232534
0.232534
0.22742
0.22742
0.260456
0.272739
0.268629
0.264564
0.268673
0.264566
0.268632
0.264522
0.272739
0.391958
0.352197
0.312498
0.352259
0.3125
0.352199
0.312438
0.392371
0.392371
0.397373
0.397373
0.409825
0.409825
0.427499
0.427499
0.428041
0.428041
0.418163
0.418163
0.399017
0.399017
0.375484
0.375484
0.355317
0.355317
0.393921
0.393921
0.399676
0.399676
0.418112
0.418112
0.429056
0.429056
0.425933
0.425933
0.412955
0.412955
0.39069
0.39069
0.368939
0.368939
0.348471
0.348471
0.339051
0.339051
0.391958
0.453619
0.433083
0.412488
0.433024
0.412494
0.433089
0.412553
0.453619
0.579219
0.537366
0.495467
0.537321
0.495472
0.537371
0.495517
0.582703
0.582703
0.593294
0.593294
0.610084
0.610084
0.632165
0.632165
0.640504
0.640504
0.639447
0.639447
0.622738
0.622738
0.601713
0.601713
0.585984
0.585984
0.596891
0.596891
0.619187
0.619187
0.63552
0.63552
0.641606
0.641606
0.635701
0.635701
0.613141
0.613141
0.599626
0.599626
0.597444
0.597444
0.57922
0.651487
0.627414
0.603288
0.627362
0.603293
0.627419
0.603345
0.651487
0.725238
0.700707
0.676
0.700531
0.676018
0.700725
0.676194
4.00004e-006
0.0126623
0.00844433
0.004222
0.00844
0.004222
0.00844433
0.00422633
0.0126623
0.104923
0.074189
0.0434
0.0741337
0.043396
0.074185
0.0434513
0.104923
0.167263
0.146463
0.125723
0.146523
0.125723
0.146463
0.125663
0.168594
0.168594
0.177941
0.177941
0.195383
0.195383
0.208623
0.208623
0.217797
0.217797
0.231398
0.231398
0.255422
0.255422
0.276673
0.276673
0.314132
0.314132
0.17019
0.17019
0.184435
0.184435
0.200206
0.200206
0.212603
0.212603
0.219399
0.219399
0.242179
0.242179
0.25826
0.25826
0.292567
0.292567
0.320027
0.320027
0.327915
0.327915
0.167262
0.260457
0.229408
0.1983
0.229349
0.198311
0.229419
0.19837
0.267573
0.267573
0.286806
0.286806
0.300133
0.300133
0.302176
0.302176
0.292933
0.292933
0.285467
0.285467
0.273262
0.273262
0.257808
0.257808
0.23677
0.23677
0.274454
0.274454
0.291843
0.291843
0.302917
0.302917
0.298177
0.298177
0.291223
0.291223
0.280983
0.280983
0.269631
0.269631
0.249289
0.249289
0.232534
0.232534
0.22742
0.22742
0.260456
0.272739
0.268629
0.264564
0.268673
0.264566
0.268632
0.264522
0.272739
0.391958
0.352197
0.312498
0.352259
0.3125
0.352199
0.312438
0.392371
0.392371
0.397373
0.397373
0.409825
0.409825
0.427499
0.427499
0.428041
0.428041
0.418163
0.418163
0.399017
0.399017
0.375484
0.375484
0.355317
0.355317
0.393921
0.393921
0.399676
0.399676
0.418112
0.418112
0.429056
0.429056
0.425933
0.425933
0.412955
0.412955
0.39069
0.39069
0.368939
0.368939
0.348471
0.348471
0.339051
0.339051
0.391958
0.453619
0.433083
0.412488
0.433024
0.412494
0.433089
0.412553
0.453619
0.579219
0.537366
0.495467
0.537321
0.495472
0.537371
0.495517
0.582703
0.582703
0.593294
0.593294
0.610084
0.610084
0.632165
0.632165
0.640504
0.640504
0.639447
0.639447
0.622738
0.622738
0.601713
0.601713
0.585984
0.585984
0.596891
0.596891
0.619187
0.619187
0.63552
0.63552
0.641606
0.641606
0.635701
0.635701
0.613141
0.613141
0.599626
0.599626
0.597444
0.597444
0.57922
0.651487
0.627414
0.603288
0.627362
0.603293
0.627419
0.603345
0.651487
0.725238
0.700707
0.676
0.700531
0.676018
0.700725
0.676194
4.00004e-006
0.0126623
0.00844433
0.004222
0.00844
0.004222
0.00844433
0.00422633
0.0126623
0.104923
0.074189
0.0434
0.0741337
0.043396
0.074185
0.0434513
0.104923
0.167263
0.146463
0.125723
0.146523
0.125723
0.146463
0.125663
0.168594
0.168594
0.177941
0.177941
0.195383
0.195383
0.208623
0.208623
0.217797
0.217797
0.231398
0.231398
0.255422
0.255422
0.276673
0.276673
0.314132
0.314132
0.17019
0.17019
0.184435
0.184435
0.200206
0.200206
0.212603
0.212603
0.219399
0.219399
0.242179
0.242179
0.25826
0.25826
0.292567
0.292567
0.320027
0.320027
0.327915
0.327915
0.167262
0.260457
0.229408
0.1983
0.229349
0.198311
0.229419
0.19837
0.267573
0.267573
0.286806
0.286806
0.300133
0.300133
0.302176
0.302176
0.292933
0.292933
0.285467
0.285467
0.273262
0.273262
0.257808
0.257808
0.23677
0.23677
0.274454
0.274454
0.291843
0.291843
0.302917
0.302917
0.298177
0.298177
0.291223
0.291223
0.280983
0.280983
0.269631
0.269631
0.249289
0.249289
0.232534
0.232534
0.22742
0.22742
0.260456
0.272739
0.268629
0.264564
0.268673
0.264566
0.268632
0.264522
0.272739
0.391958
0.352197
0.312498
0.352259
0.3125
0.352199
0.312438
0.392371
0.392371
0.397373
0.397373
0.409825
0.409825
0.427499
0.427499
0.428041
0.428041
0.418163
0.418163
0.399017
0.399017
0.375484
0.375484
0.355317
0.355317
0.393921
0.393921
0.399676
0.399676
0.418112
0.418112
0.429056
0.429056
0.425933
0.425933
0.412955
0.412955
0.39069
0.39069
0.368939
0.368939
0.348471
0.348471
0.339051
0.339051
0.391958
0.453619
0.433083
0.412488
0.433024
0.412494
0.433089
0.412553
0.453619
0.579219
0.537366
0.495467
0.537321
0.495472
0.537371
0.495517
0.582703
0.582703
0.593294
0.593294
0.610084
0.610084
0.632165
0.632165
0.640504
0.640504
0.639447
0.639447
0.622738
0.622738
0.601713
0.601713
0.585984
0.585984
0.596891
0.596891
0.619187
0.619187
0.63552
0.63552
0.641606
0.641606
0.635701
0.635701
0.613141
0.613141
0.599626
0.599626
0.597444
0.597444
0.57922
0.651487
0.627414
0.603288
0.627362
0.603293
0.627419
0.603345
0.651487
0.725238
0.700707
0.676
0.700531
0.676018
0.700725
0.676194
4.00004e-006
0.0126623
0.00844433
0.004222
0.00844
0.004222
0.00844433
0.00422633
0.0126623
0.104923
0.074189
0.0434
0.0741337
0.043396
0.074185
0.0434513
0.104923
0.167263
0.146463
0.125723
0.146523
0.125723
0.146463
0.125663
0.168594
0.168594
0.177941
0.177941
0.195383
0.195383
0.208623
0.208623
0.217797
0.217797
0.231398
0.231398
0.255422
0.255422
0.276673
0.276673
0.314132
0.314132
0.17019
0.17019
0.184435
0.184435
0.200206
0.200206
0.212603
0.212603
0.219399
0.219399
0.242179
0.242179
0.25826
0.25826
0.292567
0.292567
0.320027
0.320027
0.327915
0.327915
0.167262
0.260457
0.229408
0.1983
0.229349
0.198311
0.229419
0.19837
0.267573
0.267573
0.286806
0.286806
0.300133
0.300133
0.302176
0.302176
0.292933
0.292933
0.285467
0.285467
0.273262
0.273262
0.257808
0.257808
0.23677
0.23677
0.274454
0.274454
0.291843
0.291843
0.302917
0.302917
0.298177
0.298177
0.291223
0.291223
0.280983
0.280983
0.269631
0.269631
0.249289
0.249289
0.232534
0.232534
0.22742
0.22742
0.260456
0.272739
0.268629
0.264564
0.268673
0.264566
0.268632
0.264522
0.272739
0.391958
0.352197
0.312498
0.352259
0.3125
0.352199
0.312438
0.392371
0.392371
0.397373
0.397373
0.409825
0.409825
0.427499
0.427499
0.428041
0.428041
0.418163
0.418163
0.399017
0.399017
0.375484
0.375484
0.355317
0.355317
0.393921
0.393921
0.399676
0.399676
0.418112
0.418112
0.429056
0.429056
0.425933
0.425933
0.412955
0.412955
0.39069
0.39069
0.368939
0.368939
0.348471
0.348471
0.339051
0.339051
0.391958
0.453619
0.433083
0.412488
0.433024
0.412494
0.433089
0.412553
0.453619
0.579219
0.537366
0.495467
0.537321
0.495472
0.537371
0.495517
0.582703
0.582703
0.593294
0.593294
0.610084
0.610084
0.632165
0.632165
0.640504
0.640504
0.639447
0.639447
0.622738
0.622738
0.601713
0.601713
0.585984
0.585984
0.596891
0.596891
0.619187
0.619187
0.63552
0.63552
0.641606
0.641606
0.635701
0.635701
0.613141
0.613141
0.599626
0.599626
0.597444
0.597444
0.57922
0.651487
0.627414
0.603288
0.627362
0.603293
0.627419
0.603345
0.651487
0.725238
0.700707
0.676
0.700531
0.676018
0.700725
0.676194
4.00004e-006
0.0126623
0.00844433
0.004222
0.00844
0.004222
0.00844433
0.00422633
0.0126623
0.104923
0.074189
0.0434
0.0741337
0.043396
0.074185
0.0434513
0.104923
0.167263
0.146463
0.125723
0.146523
0.125723
0.146463
0.125663
0.168594
0.168594
0.177941
0.177941
0.195383
0.195383
0.208623
0.208623
0.217797
0.217797
0.231398
0.231398
0.255422
0.255422
0.276673
0.276673
0.314132
0.314132
0.17019
0.17019
0.184435
0.184435
0.200206
0.200206
0.212603
0.212603
0.219399
0.219399
0.242179
0.242179
0.25826
0.25826
0.292567
0.292567
0.320027
0.320027
0.327915
0.327915
0.167262
0.260457
0.229408
0.1983
0.229349
0.198311
0.229419
0.19837
0.267573
0.267573
0.286806
0.286806
0.300133
0.300133
0.302176
0.302176
0.292933
0.292933
0.285467
0.285467
0.273262
0.273262
0.257808
0.257808
0.23677
0.23677
0.274454
0.274454
0.291843
0.291843
0.302917
0.302917
0.298177
0.298177
0.291223
0.291223
0.280983
0.280983
0.269631
0.269631
0.249289
0.249289
0.232534
0.232534
0.22742
0.22742
0.260456
0.272739
0.268629
0.264564
0.268673
0.264566
0.268632
0.264522
0.272739
0.391958
0.352197
0.312498
0.352259
0.3125
0.352199
0.312438
0.392371
0.392371
0.397373
0.397373
0.409825
0.409825
0.427499
0.427499
0.428041
0.428041
0.418163
0.418163
0.399017
0.399017
0.375484
0.375484
0.355317
0.355317
0.393921
0.393921
0.399676
0.399676
0.418112
0.418112
0.429056
0.429056
0.425933
0.425933
0.412955
0.412955
0.39069
0.39069
0.368939
0.368939
0.348471
0.348471
0.339051
0.339051
0.391958
0.453619
0.433083
0.412488
0.433024
0.412494
0.433089
0.412553
0.453619
0.579219
0.537366
0.495467
0.537321
0.495472
0.537371
0.495517
0.582703
0.582703
0.593294
0.593294
0.610084
0.610084
0.632165
0.632165
0.640504
0.640504
0.639447
0.639447
0.622738
0.622738
0.601713
0.601713
0.585984
0.585984
0.596891
0.596891
0.619187
0.619187
0.63552
0.63552
0.641606
0.641606
0.635701
0.635701
0.613141
0.613141
0.599626
0.599626
0.597444
0.597444
0.57922
0.651487
0.627414
0.603288
0.627362
0.603293
0.627419
0.603345
0.651487
0.725238
0.700707
0.676
0.700531
0.676018
0.700725
0.676194
4.00004e-006
0.0126623
0.00844433
0.004222
0.00844
0.004222
0.00844433
0.00422633
0.0126623
0.104923
0.074189
0.0434
0.0741337
0.043396
0.074185
0.0434513
0.104923
0.167263
0.146463
0.125723
0.146523
0.125723
0.146463
0.125663
0.168594
0.168594
0.177941
0.177941
0.195383
0.195383
0.208623
0.208623
0.217797
0.217797
0.231398
0.231398
0.255422
0.255422
0.276673
0.276673
0.314132
0.314132
0.17019
0.17019
0.184435
0.184435
0.200206
0.200206
0.212603
0.212603
0.219399
0.219399
0.242179
0.242179
0.25826
0.25826
0.292567
0.292567
0.320027
0.320027
0.327915
0.327915
0.167262
0.260457
0.229408
0.1983
0.229349
0.198311
0.229419
0.19837
0.267573
0.267573
0.286806
0.286806
0.300133
0.300133
0.302176
0.302176
0.292933
0.292933
0.285467
0.285467
0.273262
0.273262
0.257808
0.257808
0.23677
0.23677
0.274454
0.274454
0.291843
0.291843
0.302917
0.302917
0.298177
0.298177
0.291223
0.291223
0.280983
0.280983
0.269631
0.269631
0.249289
0.249289
0.232534
0.232534
0.22742
0.22742
0.260456
0.272739
0.268629
0.264564
0.268673
0.264566
0.268632
0.264522
0.272739
0.391958
0.352197
0.312498
0.352259
0.3125
0.352199
0.312438
0.392371
0.392371
0.397373
0.397373
0.409825
0.409825
0.427499
0.427499
0.428041
0.428041
0.418163
0.418163
0.399017
0.399017
0.375484
0.375484
0.355317
0.355317
0.393921
0.393921
0.399676
0.399676
0.418112
0.418112
0.429056
0.429056
0.425933
0.425933
0.412955
0.412955
0.39069
0.39069
0.368939
0.368939
0.348471
0.348471
0.339051
0.339051
0.391958
0.453619
0.433083
0.412488
0.433024
0.412494
0.433089
0.412553
0.453619
0.579219
0.537366
0.495467
0.537321
0.495472
0.537371
0.495517
0.582703
0.582703
0.593294
0.593294
0.610084
0.610084
0.632165
0.632165
0.640504
0.640504
0.639447
0.639447
0.622738
0.622738
0.601713
0.601713
0.585984
0.585984
0.596891
0.596891
0.619187
0.619187
0.63552
0.63552
0.641606
0.641606
0.635701
0.635701
0.613141
0.613141
0.599626
0.599626
0.597444
0.597444
0.57922
0.651487
0.627414
0.603288
0.627362
0.603293
0.627419
0.603345
0.651487
0.725238
0.700707
0.676
0.700531
0.676018
0.700725
0.676194
4.00004e-006
0.0126623
0.00844433
0.004222
0.00844
0.004222
0.00844433
0.00422633
0.0126623
0.104923
0.074189
0.0434
0.0741337
0.043396
0.074185
0.0434513
0.104923
0.167263
0.146463
0.125723
0.146523
0.125723
0.146463
0.125663
0.168594
0.168594
0.177941
0.177941
0.195383
0.195383
0.208623
0.208623
0.217797
0.217797
0.231398
0.231398
0.255422
0.255422
0.276673
0.276673
0.314132
0.314132
0.17019
0.17019
0.184435
0.184435
0.200206
0.200206
0.212603
0.212603
0.219399
0.219399
0.242179
0.242179
0.25826
0.25826
0.292567
0.292567
0.320027
0.320027
0.327915
0.327915
0.167262
0.260457
0.229408
0.1983
0.229349
0.198311
0.229419
0.19837
0.267573
0.267573
0.286806
0.286806
0.300133
0.300133
0.302176
0.302176
0.292933
0.292933
0.285467
0.285467
0.273262
0.273262
0.257808
0.257808
0.23677
0.23677
0.274454
0.274454
0.291843
0.291843
0.302917
0.302917
0.298177
0.298177
0.291223
0.291223
0.280983
0.280983
0.269631
0.269631
0.249289
0.249289
0.232534
0.232534
0.22742
0.22742
0.260456
0.272739
0.268629
0.264564
0.268673
0.264566
0.268632
0.264522
0.272739
0.391958
0.352197
0.312498
0.352259
0.3125
0.352199
0.312438
0.392371
0.392371
0.397373
0.397373
0.409825
0.409825
0.427499
0.427499
0.428041
0.428041
0.418163
0.418163
0.399017
0.399017
0.375484
0.375484
0.355317
0.355317
0.393921
0.393921
0.399676
0.399676
0.418112
0.418112
0.429056
0.429056
0.425933
0.425933
0.412955
0.412955
0.39069
0.39069
0.368939
0.368939
0.348471
0.348471
0.339051
0.339051
0.391958
0.453619
0.433083
0.412488
0.433024
0.412494
0.433089
0.412553
0.453619
0.579219
0.537366
0.495467
0.537321
0.495472
0.537371
0.495517
0.582703
0.582703
0.593294
0.593294
0.610084
0.610084
0.632165
0.632165
0.640504
0.640504
0.639447
0.639447
0.622738
0.622738
0.601713
0.601713
0.585984
0.585984
0.596891
0.596891
0.619187
0.619187
0.63552
0.63552
0.641606
0.641606
0.635701
0.635701
0.613141
0.613141
0.599626
0.599626
0.597444
0.597444
0.57922
0.651487
0.627414
0.603288
0.627362
0.603293
0.627419
0.603345
0.651487
0.725238
0.700707
0.676
0.700531
0.676018
0.700725
0.676194
4.00004e-006
0.0126623
0.00844433
0.004222
0.00844
0.004222
0.00844433
0.00422633
0.0126623
0.104923
0.074189
0.0434
0.0741337
0.043396
0.074185
0.0434513
0.104923
0.167263
0.146463
0.125723
0.146523
0.125723
0.146463
0.125663
0.168594
0.168594
0.177941
0.177941
0.195383
0.195383
0.208623
0.208623
0.217797
0.217797
0.231398
0.231398
0.255422
0.255422
0.276673
0.276673
0.314132
0.314132
0.17019
0.17019
0.184435
0.184435
0.200206
0.200206
0.212603
0.212603
0.219399
0.219399
0.242179
0.242179
0.25826
0.25826
0.292567
0.292567
0.320027
0.320027
0.327915
0.327915
0.167262
0.260457
0.229408
0.1983
0.229349
0.198311
0.229419
0.19837
0.267573
0.267573
0.286806
0.286806
0.300133
0.300133
0.302176
0.302176
0.292933
0.292933
0.285467
0.285467
0.273262
0.273262
0.257808
0.257808
0.23677
0.23677
0.274454
0.274454
0.291843
0.291843
0.302917
0.302917
0.298177
0.298177
0.291223
0.291223
0.280983
0.280983
0.269631
0.269631
0.249289
0.249289
0.232534
0.232534
0.22742
0.22742
0.260456
0.272739
0.268629
0.264564
0.268673
0.264566
0.268632
0.264522
0.272739
0.391958
0.352197
0.312498
0.352259
0.3125
0.352199
0.312438
0.392371
0.392371
0.397373
0.397373
0.409825
0.409825
0.427499
0.427499
0.428041
0.428041
0.418163
0.418163
0.399017
0.399017
0.375484
0.375484
0.355317
0.355317
0.393921
0.393921
0.399676
0.399676
0.418112
0.418112
0.429056
0.429056
0.425933
0.425933
0.412955
0.412955
0.39069
0.39069
0.368939
0.368939
0.348471
0.348471
0.339051
0.339051
0.391958
0.453619
0.433083
0.412488
0.433024
0.412494
0.433089
0.412553
0.453619
0.579219
0.537366
0.495467
0.537321
0.495472
0.537371
0.495517
0.582703
0.582703
0.593294
0.593294
0.610084
0.610084
0.632165
0.632165
0.640504
0.640504
0.639447
0.639447
0.622738
0.622738
0.601713
0.601713
0.585984
0.585984
0.596891
0.596891
0.619187
0.619187
0.63552
0.63552
0.641606
0.641606
0.635701
0.635701
0.613141
0.613141
0.599626
0.599626
0.597444
0.597444
0.57922
0.651487
0.627414
0.603288
0.627362
0.603293
0.627419
0.603345
0.651487
0.725238
0.700707
0.676
0.700531
0.676018
0.700725
0.676194
4.00004e-006
0.0126623
0.00844433
0.004222
0.00844
0.004222
0.00844433
0.00422633
0.0126623
0.104923
0.074189
0.0434
0.0741337
0.043396
0.074185
0.0434513
0.104923
0.167263
0.146463
0.125723
0.146523
0.125723
0.146463
0.125663
0.168594
0.168594
0.177941
0.177941
0.195383
0.195383
0.208623
0.208623
0.217797
0.217797
0.231398
0.231398
0.255422
0.255422
0.276673
0.276673
0.314132
0.314132
0.17019
0.17019
0.184435
0.184435
0.200206
0.200206
0.212603
0.212603
0.219399
0.219399
0.242179
0.242179
0.25826
0.25826
0.292567
0.292567
0.320027
0.320027
0.327915
0.327915
0.167262
0.260457
0.229408
0.1983
0.229349
0.198311
0.229419
0.19837
0.267573
0.267573
0.286806
0.286806
0.300133
0.300133
0.302176
0.302176
0.292933
0.292933
0.285467
0.285467
0.273262
0.273262
0.257808
0.257808
0.23677
0.23677
0.274454
0.274454
0.291843
0.291843
0.302917
0.302917
0.298177
0.298177
0.291223
0.291223
0.280983
0.280983
0.269631
0.269631
0.249289
0.249289
0.232534
0.232534
0.22742
0.22742
0.260456
0.272739
0.268629
0.264564
0.268673
0.264566
0.268632
0.264522
0.272739
0.391958
0.352197
0.312498
0.352259
0.3125
0.352199
0.312438
0.392371
0.392371
0.397373
0.397373
0.409825
0.409825
0.427499
0.427499
0.428041
0.428041
0.418163
0.418163
0.399017
0.399017
0.375484
0.375484
0.355317
0.355317
0.393921
0.393921
0.399676
0.399676
0.418112
0.418112
0.429056
0.429056
0.425933
0.425933
0.412955
0.412955
0.39069
0.39069
0.368939
0.368939
0.348471
0.348471
0.339051
0.339051
0.391958
0.453619
0.433083
0.412488
0.433024
0.412494
0.433089
0.412553
0.453619
0.579219
0.537366
0.495467
0.537321
0.495472
0.537371
0.495517
0.582703
0.582703
0.593294
0.593294
0.610084
0.610084
0.632165
0.632165
0.640504
0.640504
0.639447
0.639447
0.622738
0.622738
0.601713
0.601713
0.585984
0.585984
0.596891
0.596891
0.619187
0.619187
0.63552
0.63552
0.641606
0.641606
0.635701
0.635701
0.613141
0.613141
0.599626
0.599626
0.597444
0.597444
0.57922
0.651487
0.627414
0.603288
0.627362
0.603293
0.627419
0.603345
0.651487
0.725238
0.700707
0.676
0.700531
0.676018
0.700725
0.676194
4.00004e-006
0.0126623
0.00844433
0.004222
0.00844
0.004222
0.00844433
0.00422633
0.0126623
0.104923
0.074189
0.0434
0.0741337
0.043396
0.074185
0.0434513
0.104923
0.167263
0.146463
0.125723
0.146523
0.125723
0.146463
0.125663
0.168594
0.168594
0.177941
0.177941
0.195383
0.195383
0.208623
0.208623
0.217797
0.217797
0.231398
0.231398
0.255422
0.255422
0.276673
0.276673
0.314132
0.314132
0.17019
0.17019
0.184435
0.184435
0.200206
0.200206
0.212603
0.212603
0.219399
0.219399
0.242179
0.242179
0.25826
0.25826
0.292567
0.292567
0.320027
0.320027
0.327915
0.327915
0.167262
0.260457
0.229408
0.1983
0.229349
0.198311
0.229419
0.19837
0.267573
0.267573
0.286806
0.286806
0.300133
0.300133
0.302176
0.302176
0.292933
0.292933
0.285467
0.285467
0.273262
0.273262
0.257808
0.257808
0.23677
0.23677
0.274454
0.274454
0.291843
0.291843
0.302917
0.302917
0.298177
0.298177
0.291223
0.291223
0.280983
0.280983
0.269631
0.269631
0.249289
0.249289
0.232534
0.232534
0.22742
0.22742
0.260456
0.272739
0.268629
0.264564
0.268673
0.264566
0.268632
0.264522
0.272739
0.391958
0.352197
0.312498
0.352259
0.3125
0.352199
0.312438
0.392371
0.392371
0.397373
0.397373
0.409825
0.409825
0.427499
0.427499
0.428041
0.428041
0.418163
0.418163
0.399017
0.399017
0.375484
0.375484
0.355317
0.355317
0.393921
0.393921
0.399676
0.399676
0.418112
0.418112
0.429056
0.429056
0.425933
0.425933
0.412955
0.412955
0.39069
0.39069
0.368939
0.368939
0.348471
0.348471
0.339051
0.339051
0.391958
0.453619
0.433083
0.412488
0.433024
0.412494
0.433089
0.412553
0.453619
0.579219
0.537366
0.495467
0.537321
0.495472
0.537371
0.495517
0.582703
0.582703
0.593294
0.593294
0.610084
0.610084
0.632165
0.632165
0.640504
0.640504
0.639447
0.639447
0.622738
0.622738
0.601713
0.601713
0.585984
0.585984
0.596891
0.596891
0.619187
0.619187
0.63552
0.63552
0.641606
0.641606
0.635701
0.635701
0.613141
0.613141
0.599626
0.599626
0.597444
0.597444
0.57922
0.651487
0.627414
0.603288
0.627362
0.603293
0.627419
0.603345
0.651487
0.725238
0.700707
0.676
0.700531
0.676018
0.700725
0.676194
4.00004e-006
0.0126623
0.00844433
0.004222
0.00844
0.004222
0.00844433
0.00422633
0.0126623
0.104923
0.074189
0.0434
0.0741337
0.043396
0.074185
0.0434513
0.104923
0.167263
0.146463
0.125723
0.146523
0.125723
0.146463
0.125663
0.168594
0.168594
0.177941
0.177941
0.195383
0.195383
0.208623
0.208623
0.217797
0.217797
0.231398
0.231398
0.255422
0.255422
0.276673
0.276673
0.314132
0.314132
0.17019
0.17019
0.184435
0.184435
0.200206
0.200206
0.212603
0.212603
0.219399
0.219399
0.242179
0.242179
0.25826
0.25826
0.292567
0.292567
0.320027
0.320027
0.327915
0.327915
0.167262
0.260457
0.229408
0.1983
0.229349
0.198311
0.229419
0.19837
0.267573
0.267573
0.286806
0.286806
0.300133
0.300133
0.302176
0.302176
0.292933
0.292933
0.285467
0.285467
0.273262
0.273262
0.257808
0.257808
0.23677
0.23677
0.274454
0.274454
0.291843
0.291843
0.302917
0.302917
0.298177
0.298177
0.291223
0.291223
0.280983
0.280983
0.269631
0.269631
0.249289
0.249289
0.232534
0.232534
0.22742
0.22742
0.260456
0.272739
0.268629
0.264564
0.268673
0.264566
0.268632
0.264522
0.272739
0.391958
0.352197
0.312498
0.352259
0.3125
0.352199
0.312438
0.392371
0.392371
0.397373
0.397373
0.409825
0.409825
0.427499
0.427499
0.428041
0.428041
0.418163
0.418163
0.399017
0.399017
0.375484
0.375484
0.355317
0.355317
0.393921
0.393921
0.399676
0.399676
0.418112
0.418112
0.429056
0.429056
0.425933
0.425933
0.412955
0.412955
0.39069
0.39069
0.368939
0.368939
0.348471
0.348471
0.339051
0.339051
0.391958
0.453619
0.433083
0.412488
0.433024
0.412494
0.433089
0.412553
0.453619
0.579219
0.537366
0.495467
0.537321
0.495472
0.537371
0.495517
0.582703
0.582703
0.593294
0.593294
0.610084
0.610084
0.632165
0.632165
0.640504
0.640504
0.639447
0.639447
0.622738
0.622738
0.601713
0.601713
0.585984
0.585984
0.596891
0.596891
0.619187
0.619187
0.63552
0.63552
0.641606
0.641606
0.635701
0.635701
0.613141
0.613141
0.599626
0.599626
0.597444
0.597444
0.57922
0.651487
0.627414
0.603288
0.627362
0.603293
0.627419
0.603345
0.651487
0.725238
0.700707
0.676
0.700531
0.676018
0.700725
0.676194
4.00004e-006
0.0126623
0.00844433
0.004222
0.00844
0.004222
0.00844433
0.00422633
0.0126623
0.104923
0.074189
0.0434
0.0741337
0.043396
0.074185
0.0434513
0.104923
0.167263
0.146463
0.125723
0.146523
0.125723
0.146463
0.125663
0.168594
0.168594
0.177941
0.177941
0.195383
0.195383
0.208623
0.208623
0.217797
0.217797
0.231398
0.231398
0.255422
0.255422
0.276673
0.276673
0.314132
0.314132
0.17019
0.17019
0.184435
0.184435
0.200206
0.200206
0.212603
0.212603
0.219399
0.219399
0.242179
0.242179
0.25826
0.25826
0.292567
0.292567
0.320027
0.320027
0.327915
0.327915
0.167262
0.260457
0.229408
0.1983
0.229349
0.198311
0.229419
0.19837
0.267573
0.267573
0.286806
0.286806
0.300133
0.300133
0.302176
0.302176
0.292933
0.292933
0.285467
0.285467
0.273262
0.273262
0.257808
0.257808
0.23677
0.23677
0.274454
0.274454
0.291843
0.291843
0.302917
0.302917
0.298177
0.298177
0.291223
0.291223
0.280983
0.280983
0.269631
0.269631
0.249289
0.249289
0.232534
0.232534
0.22742
0.22742
0.260456
0.272739
0.268629
0.264564
0.268673
0.264566
0.268632
0.264522
0.272739
0.391958
0.352197
0.312498
0.352259
0.3125
0.352199
0.312438
0.392371
0.392371
0.397373
0.397373
0.409825
0.409825
0.427499
0.427499
0.428041
0.428041
0.418163
0.418163
0.399017
0.399017
0.375484
0.375484
0.355317
0.355317
0.393921
0.393921
0.399676
0.399676
0.418112
0.418112
0.429056
0.429056
0.425933
0.425933
0.412955
0.412955
0.39069
0.39069
0.368939
0.368939
0.348471
0.348471
0.339051
0.339051
0.391958
0.453619
0.433083
0.412488
0.433024
0.412494
0.433089
0.412553
0.453619
0.579219
0.537366
0.495467
0.537321
0.495472
0.537371
0.495517
0.582703
0.582703
0.593294
0.593294
0.610084
0.610084
0.632165
0.632165
0.640504
0.640504
0.639447
0.639447
0.622738
0.622738
0.601713
0.601713
0.585984
0.585984
0.596891
0.596891
0.619187
0.619187
0.63552
0.63552
0.641606
0.641606
0.635701
0.635701
0.613141
0.613141
0.599626
0.599626
0.597444
0.597444
0.57922
0.651487
0.627414
0.603288
0.627362
0.603293
0.627419
0.603345
0.651487
0.725238
0.700707
0.676
0.700531
0.676018
0.700725
0.676194
4.00004e-006
0.0126623
0.00844433
0.004222
0.00844
0.004222
0.00844433
0.00422633
0.0126623
0.104923
0.074189
0.0434
0.0741337
0.043396
0.074185
0.0434513
0.104923
0.167263
0.146463
0.125723
0.146523
0.125723
0.146463
0.125663
0.168594
0.168594
0.177941
0.177941
0.195383
0.195383
0.208623
0.208623
0.217797
0.217797
0.231398
0.231398
0.255422
0.255422
0.276673
0.276673
0.314132
0.314132
0.17019
0.17019
0.184435
0.184435
0.200206
0.200206
0.212603
0.212603
0.219399
0.219399
0.242179
0.242179
0.25826
0.25826
0.292567
0.292567
0.320027
0.320027
0.327915
0.327915
0.167262
0.260457
0.229408
0.1983
0.229349
0.198311
0.229419
0.19837
0.267573
0.267573
0.286806
0.286806
0.300133
0.300133
0.302176
0.302176
0.292933
0.292933
0.285467
0.285467
0.273262
0.273262
0.257808
0.257808
0.23677
0.23677
0.274454
0.274454
0.291843
0.291843
0.302917
0.302917
0.298177
0.298177
0.291223
0.291223
0.280983
0.280983
0.269631
0.269631
0.249289
0.249289
0.232534
0.232534
0.22742
0.22742
0.260456
0.272739
0.268629
0.264564
0.268673
0.264566
0.268632
0.264522
0.272739
0.391958
0.352197
0.312498
0.352259
0.3125
0.352199
0.312438
0.392371
0.392371
0.397373
0.397373
0.409825
0.409825
0.427499
0.427499
0.428041
0.428041
0.418163
0.418163
0.399017
0.399017
0.375484
0.375484
0.355317
0.355317
0.393921
0.393921
0.399676
0.399676
0.418112
0.418112
0.429056
0.429056
0.425933
0.425933
0.412955
0.412955
0.39069
0.39069
0.368939
0.368939
0.348471
0.348471
0.339051
0.339051
0.391958
0.453619
0.433083
0.412488
0.433024
0.412494
0.433089
0.412553
0.453619
0.579219
0.537366
0.495467
0.537321
0.495472
0.537371
0.495517
0.582703
0.582703
0.593294
0.593294
0.610084
0.610084
0.632165
0.632165
0.640504
0.640504
0.639447
0.639447
0.622738
0.622738
0.601713
0.601713
0.585984
0.585984
0.596891
0.596891
0.619187
0.619187
0.63552
0.63552
0.641606
0.641606
0.635701
0.635701
0.613141
0.613141
0.599626
0.599626
0.597444
0.597444
0.57922
0.651487
0.627414
0.603288
0.627362
0.603293
0.627419
0.603345
0.651487
0.725238
0.700707
0.676
0.700531
0.676018
0.700725
0.676194
4.00004e-006
0.0126623
0.00844433
0.004222
0.00844
0.004222
0.00844433
0.00422633
0.0126623
0.104923
0.074189
0.0434
0.0741337
0.043396
0.074185
0.0434513
0.104923
0.167263
0.146463
0.125723
0.146523
0.125723
0.146463
0.125663
0.168594
0.168594
0.177941
0.177941
0.195383
0.195383
0.208623
0.208623
0.217797
0.217797
0.231398
0.231398
0.255422
0.255422
0.276673
0.276673
0.314132
0.314132
0.17019
0.17019
0.184435
0.184435
0.200206
0.200206
0.212603
0.212603
0.219399
0.219399
0.242179
0.242179
0.25826
0.25826
0.292567
0.292567
0.320027
0.320027
0.327915
0.327915
0.167262
0.260457
0.229408
0.1983
0.229349
0.198311
0.229419
0.19837
0.267573
0.267573
0.286806
0.286806
0.300133
0.300133
0.302176
0.302176
0.292933
0.292933
0.285467
0.285467
0.273262
0.273262
0.257808
0.257808
0.23677
0.23677
0.274454
0.274454
0.291843
0.291843
0.302917
0.302917
0.298177
0.298177
0.291223
0.291223
0.280983
0.280983
0.269631
0.269631
0.249289
0.249289
0.232534
0.232534
0.22742
0.22742
0.260456
0.272739
0.268629
0.264564
0.268673
0.264566
0.268632
0.264522
0.272739
0.391958
0.352197
0.312498
0.352259
0.3125
0.352199
0.312438
0.392371
0.392371
0.397373
0.397373
0.409825
0.409825
0.427499
0.427499
0.428041
0.428041
0.418163
0.418163
0.399017
0.399017
0.375484
0.375484
0.355317
0.355317
0.393921
0.393921
0.399676
0.399676
0.418112
0.418112
0.429056
0.429056
0.425933
0.425933
0.412955
0.412955
0.39069
0.39069
0.368939
0.368939
0.348471
0.348471
0.339051
0.339051
0.391958
0.453619
0.433083
0.412488
0.433024
0.412494
0.433089
0.412553
0.453619
0.579219
0.537366
0.495467
0.537321
0.495472
0.537371
0.495517
0.582703
0.582703
0.593294
0.593294
0.610084
0.610084
0.632165
0.632165
0.640504
0.640504
0.639447
0.639447
0.622738
0.622738
0.601713
0.601713
0.585984
0.585984
0.596891
0.596891
0.619187
0.619187
0.63552
0.63552
0.641606
0.641606
0.635701
0.635701
0.613141
0.613141
0.599626
0.599626
0.597444
0.597444
0.57922
0.651487
0.627414
0.603288
0.627362
0.603293
0.627419
0.603345
0.651487
0.725238
0.700707
0.676
0.700531
0.676018
0.700725
0.676194
4.00004e-006
0.0126623
0.00844433
0.004222
0.00844
0.004222
0.00844433
0.00422633
0.0126623
0.104923
0.074189
0.0434
0.0741337
0.043396
0.074185
0.0434513
0.104923
0.167263
0.146463
0.125723
0.146523
0.125723
0.146463
0.125663
0.168594
0.168594
0.177941
0.177941
0.195383
0.195383
0.208623
0.208623
0.217797
0.217797
0.231398
0.231398
0.255422
0.255422
0.276673
0.276673
0.314132
0.314132
0.17019
0.17019
0.184435
0.184435
0.200206
0.200206
0.212603
0.212603
0.219399
0.219399
0.242179
0.242179
0.25826
0.25826
0.292567
0.292567
0.320027
0.320027
0.327915
0.327915
0.167262
0.260457
0.229408
0.1983
0.229349
0.198311
0.229419
0.19837
0.267573
0.267573
0.286806
0.286806
0.300133
0.300133
0.302176
0.302176
0.292933
0.292933
0.285467
0.285467
0.273262
0.273262
0.257808
0.257808
0.23677
0.23677
0.274454
0.274454
0.291843
0.291843
0.302917
0.302917
0.298177
0.298177
0.291223
0.291223
0.280983
0.280983
0.269631
0.269631
0.249289
0.249289
0.232534
0.232534
0.22742
0.22742
0.260456
0.272739
0.268629
0.264564
0.268673
0.264566
0.268632
0.264522
0.272739
0.391958
0.352197
0.312498
0.352259
0.3125
0.352199
0.312438
0.392371
0.392371
0.397373
0.397373
0.409825
0.409825
0.427499
0.427499
0.428041
0.428041
0.418163
0.418163
0.399017
0.399017
0.375484
0.375484
0.355317
0.355317
0.393921
0.393921
0.399676
0.399676
0.418112
0.418112
0.429056
0.429056
0.425933
0.425933
0.412955
0.412955
0.39069
0.39069
0.368939
0.368939
0.348471
0.348471
0.339051
0.339051
0.391958
0.453619
0.433083
0.412488
0.433024
0.412494
0.433089
0.412553
0.453619
0.579219
0.537366
0.495467
0.537321
0.495472
0.537371
0.495517
0.582703
0.582703
0.593294
0.593294
0.610084
0.610084
0.632165
0.632165
0.640504
0.640504
0.639447
0.639447
0.622738
0.622738
0.601713
0.601713
0.585984
0.585984
0.596891
0.596891
0.619187
0.619187
0.63552
0.63552
0.641606
0.641606
0.635701
0.635701
0.613141
0.613141
0.599626
0.599626
0.597444
0.597444
0.57922
0.651487
0.627414
0.603288
0.627362
0.603293
0.627419
0.603345
0.651487
0.725238
0.700707
0.676
0.700531
0.676018
0.700725
0.676194
4.00004e-006
0.0126623
0.00844433
0.004222
0.00844
0.004222
0.00844433
0.00422633
0.0126623
0.104923
0.074189
0.0434
0.0741337
0.043396
0.074185
0.0434513
0.104923
0.167263
0.146463
0.125723
0.146523
0.125723
0.146463
0.125663
0.168594
0.168594
0.177941
0.177941
0.195383
0.195383
0.208623
0.208623
0.217797
0.217797
0.231398
0.231398
0.255422
0.255422
0.276673
0.276673
0.314132
0.314132
0.17019
0.17019
0.184435
0.184435
0.200206
0.200206
0.212603
0.212603
0.219399
0.219399
0.242179
0.242179
0.25826
0.25826
0.292567
0.292567
0.320027
0.320027
0.327915
0.327915
0.167262
0.260457
0.229408
0.1983
0.229349
0.198311
0.229419
0.19837
0.267573
0.267573
0.286806
0.286806
0.300133
0.300133
0.302176
0.302176
0.292933
0.292933
0.285467
0.285467
0.273262
0.273262
0.257808
0.257808
0.23677
0.23677
0.274454
0.274454
0.291843
0.291843
0.302917
0.302917
0.298177
0.298177
0.291223
0.291223
0.280983
0.280983
0.269631
0.269631
0.249289
0.249289
0.232534
0.232534
0.22742
0.22742
0.260456
0.272739
0.268629
0.264564
0.268673
0.264566
0.268632
0.264522
0.272739
0.391958
0.352197
0.312498
0.352259
0.3125
0.352199
0.312438
0.392371
0.392371
0.397373
0.397373
0.409825
0.409825
0.427499
0.427499
0.428041
0.428041
0.418163
0.418163
0.399017
0.399017
0.375484
0.375484
0.355317
0.355317
0.393921
0.393921
0.399676
0.399676
0.418112
0.418112
0.429056
0.429056
0.425933
0.425933
0.412955
0.412955
0.39069
0.39069
0.368939
0.368939
0.348471
0.348471
0.339051
0.339051
0.391958
0.453619
0.433083
0.412488
0.433024
0.412494
0.433089
0.412553
0.453619
0.579219
0.537366
0.495467
0.537321
0.495472
0.537371
0.495517
0.582703
0.582703
0.593294
0.593294
0.610084
0.610084
0.632165
0.632165
0.640504
0.640504
0.639447
0.639447
0.622738
0.622738
0.601713
0.601713
0.585984
0.585984
0.596891
0.596891
0.619187
0.619187
0.63552
0.63552
0.641606
0.641606
0.635701
0.635701
0.613141
0.613141
0.599626
0.599626
0.597444
0.597444
0.57922
0.651487
0.627414
0.603288
0.627362
0.603293
0.627419
0.603345
0.651487
0.725238
0.700707
0.676
0.700531
0.676018
0.700725
0.676194
3.96891e-011
3.96891e-011
