0.0000000000 
 0.0000000000 
 0.0000000000 
 0.0000000000 
 0.0000000000 
 0.0000000000 
 0.0000000000 
 0.0000000000 
 0.0000000000 
 0.0000000000 
 0.0000000000 
 0.0004302262 
 0.0000000000 
 0.0000000000 
 0.0077078552 
 0.0043730878 
 0.0000000000 
 0.0000000000 
 0.0000000000 
 0.0030590247 
 0.0006588199 
 0.0000470642 
 0.0000000000 
 0.0000000000 
 0.0000000000 
 0.0000000000 
 0.0009476521 
 0.0004738260 
 0.0014908249 
 0.0007454124 
 0.0152967934 
 0.0076483967 
 0.0841589526 
 0.0420794763 
 0.0099519551 
 0.0049759775 
 0.0000000000 
 0.0000000000 
 0.0136862418 
 0.0068431209 
 0.0310131099 
 0.0155065550 
 0.0000000000 
 0.0000000000 
 0.0092791983 
 0.0046395992 
 0.0019149662 
 0.0009574831 
 0.0154091833 
 0.0077045916 
 0.0710620068 
 0.0355310034 
 0.0072866220 
 0.0036433110 
 0.0000000000 
 0.0000000000 
 0.0246826946 
 0.0123413473 
 0.0306817758 
 0.0153408879 
 0.0000000000 
 0.0000000000 
 0.0000000000 
 0.0182522105 
 0.0000582522 
 0.0000000000 
 0.0000000000 
 0.0009317838 
 0.0119384547 
 0.0005823327 
 0.0010889699 
 0.0021779397 
 0.0082963650 
 0.0041481825 
 0.0507829516 
 0.0253914758 
 0.0956256121 
 0.0478128061 
 0.0368880679 
 0.0184440340 
 0.0231873148 
 0.0115936574 
 0.0000000000 
 0.0000000000 
 0.0044116205 
 0.0088232410 
 0.0000000000 
 0.0000000000 
 0.0000297707 
 0.0000595414 
 0.0098573910 
 0.0049286955 
 0.0505751998 
 0.0252875999 
 0.0936264839 
 0.0468132420 
 0.0224032923 
 0.0112016462 
 0.0326223785 
 0.0163111892 
 0.0000000000 
 0.0000000000 
 0.0033079261 
 0.0066158523 
 0.0000000000 
 0.0000000000 
 0.0000000000 
 0.0000000000 
 0.0000000000 
 0.0234196158 
 0.0010062397 
 0.0127467287 
 0.0043610293 
 0.0003354331 
 0.0000000000 
 0.0000000000 
 0.0246790820 
 0.0023508618 
 0.0002451078 
 0.0048283035 
 0.0035046833 
 0.0000245007 
 0.0000000000 
 0.0000000000 
 0.0454732754 
 0.0227366377 
 0.0163143270 
 0.0081571635 
 0.0439118845 
 0.0219559422 
 0.0944894281 
 0.0472447141 
 0.0942573662 
 0.0471286831 
 0.0465966825 
 0.0232983413 
 0.0307794541 
 0.0153897271 
 0.0040399075 
 0.0020199538 
 0.0000000000 
 0.0000000000 
 0.0633307914 
 0.0316653957 
 0.0349200161 
 0.0174600081 
 0.0516174715 
 0.0258087357 
 0.0944770259 
 0.0472385129 
 0.0944678948 
 0.0472339474 
 0.0559779742 
 0.0279889871 
 0.0214885355 
 0.0107442678 
 0.0037905718 
 0.0018952859 
 0.0000000000 
 0.0000000000 
 0.0000000000 
 0.0000000000 
 0.0000000000 
 0.0324310336 
 0.0004621210 
 0.0000000000 
 0.0000000000 
 0.0023575962 
 0.0247286759 
 0.0179809946 
 0.0018993913 
 0.0057009769 
 0.0003845462 
 0.0000000000 
 0.0000000000 
 0.0031651119 
 0.0206510067 
 0.0189540391 
 0.0000386018 
 0.0000772037 
 0.0141396950 
 0.0070698475 
 0.0008410732 
 0.0016821465 
 0.0347981242 
 0.0173990621 
 0.0882321949 
 0.0441160974 
 0.0916393213 
 0.0458196606 
 0.0508999290 
 0.0254499645 
 0.0807276227 
 0.0403638114 
 0.0001477967 
 0.0002955934 
 0.0052604835 
 0.0026302418 
 0.0000653175 
 0.0001306350 
 0.0351560623 
 0.0175780312 
 0.0882071305 
 0.0441035653 
 0.0916950727 
 0.0458475363 
 0.0508824859 
 0.0254412430 
 0.0805101837 
 0.0402550919 
 0.0979157996 
 0.0489578998 
 0.0000000000 
 0.0000000000 
 0.0004022409 
 0.0000000000 
 0.0000000000 
 0.0016089638 
 0.0172971832 
 0.0168979840 
 0.0002485955 
 0.0980587089 
 0.0002060043 
 0.0000000000 
 0.0000000000 
 0.0003090412 
 0.0269760168 
 0.0162889722 
 0.0000000000 
 0.0000000000 
 0.0000000000 
 0.0000000000 
 0.0000000000 
 0.0000000000 
 0.0000000000 
 0.0000000000 
 0.0000000000 
 0.0000000000 
 0.0000000000 
 0.0000000000 
 0.0000000000 
 0.0000000000 
 0.0000000000 
 0.0000000000 
 0.0000000000 
 0.0000000000 
 0.0000000000 
 0.0000000000 
 0.0000000000 
 0.0000000000 
 0.0000000000 
 0.0000000000 
 0.0000000000 
 0.0000000000 
 0.0000000000 
 0.0000000000 
 0.0000000000 
 0.0000000000 
 0.0000000000 
 0.0000000000 
 0.0000000000 
 0.0000000000 
 0.0000642066 
 0.0000321033 
 0.0127908161 
 0.0063954080 
 0.0253478039 
 0.0126739019 
 0.0345963940 
 0.0172981970 
 0.0000000000 
 0.0000000000 
 0.0000000000 
 0.0000000000 
 0.0000000000 
 0.0000000000 
 0.0000000000 
 0.0000000000 
 0.0000000000 
 0.0000000000 
 0.0001297343 
 0.0000648672 
 0.0089974936 
 0.0044987468 
 0.0255150538 
 0.0127575269 
 0.0292357747 
 0.0146178874 
 0.0000000000 
 0.0000000000 
 0.0000000000 
 0.0000000000 
 0.0000000000 
 0.0000000000 
 0.0000000000 
 0.0000000000 
 0.0001455830 
 0.0000000000 
 0.0000000000 
 0.0000000000 
 0.0000000000 
 0.0000000000 
 0.0244939408 
 0.0122469704 
 0.0516594110 
 0.0258297055 
 0.0000000000 
 0.0000000000 
 0.0000000000 
 0.0000000000 
 0.0000000000 
 0.0000000000 
 0.0000000000 
 0.0000000000 
 0.0000000000 
 0.0000000000 
 0.0000000000 
 0.0000000000 
 0.0000000000 
 0.0000000000 
 0.0343496799 
 0.0171748400 
 0.0027536332 
 0.0013768166 
 0.0293315791 
 0.0146657895 
 0.0000000000 
 0.0000000000 
 0.0000000000 
 0.0000000000 
 0.0000000000 
 0.0000000000 
 0.0000000000 
 0.0000000000 
 0.0000000000 
 0.0000000000 
 0.0000000000 
 0.0000000000 
 0.0000000000 
 0.0000000000 
 0.0000000000 
 0.0000000000 
 0.0000000000 
 0.0000000000 
 0.0000000000 
 0.0035274407 
 0.0000000000 
 0.0000000000 
 0.0011030996 
 0.0001225414 
 0.0000000000 
 0.0000000000 
 0.0724936277 
 0.0362468138 
 0.0487029762 
 0.0243514881 
 0.0458102381 
 0.0229051191 
 0.0804973071 
 0.0402486535 
 0.0808213860 
 0.0404106930 
 0.0631848904 
 0.0315924452 
 0.0117171307 
 0.0058585653 
 0.0443646775 
 0.0221823388 
 0.0354108703 
 0.0177054351 
 0.0848008460 
 0.0424004230 
 0.0492257070 
 0.0246128535 
 0.0362827611 
 0.0181413806 
 0.0132695203 
 0.0066347602 
 0.0813522662 
 0.0406761331 
 0.0650732102 
 0.0325366051 
 0.0206671225 
 0.0103335612 
 0.0460407410 
 0.0230203705 
 0.0354000254 
 0.0177000127 
 0.0001353366 
 0.0002706732 
 0.0000000000 
 0.0290775558 
 0.0038359078 
 0.0001849163 
 0.0000000000 
 0.0000000000 
 0.0220010178 
 0.0222815474 
 0.0018996355 
 0.0076002699 
 0.0029575018 
 0.0002365776 
 0.0000000000 
 0.0000000000 
 0.0174261309 
 0.0164436628 
 0.0038603523 
 0.0019301762 
 0.0174373334 
 0.0087186667 
 0.0030198797 
 0.0015099398 
 0.0364538960 
 0.0182269480 
 0.0909155190 
 0.0454577595 
 0.0893272866 
 0.0446636433 
 0.0450745802 
 0.0225372901 
 0.0480298155 
 0.0240149077 
 0.0011231526 
 0.0005615763 
 0.0166099134 
 0.0083049567 
 0.0022019717 
 0.0011009858 
 0.0369491649 
 0.0184745824 
 0.0908661728 
 0.0454330864 
 0.0887438595 
 0.0443719298 
 0.0450849539 
 0.0225424769 
 0.0132153935 
 0.0066076967 
 0.0278649913 
 0.0139324956 
 0.0014367683 
 0.0000000000 
 0.0027713808 
 0.0003129551 
 0.0000000000 
 0.0000000000 
 0.0163600915 
 0.0208299896 
 0.0003728819 
 0.0989437893 
 0.0061935413 
 0.0001545149 
 0.0000000000 
 0.0000000000 
 0.0241194493 
 0.0202416812 
 0.0000000000 
 0.0000000000 
 0.0000000000 
 0.0000000000 
 0.0000000000 
 0.0000000000 
 0.0000000000 
 0.0000000000 
 0.0000000000 
 0.0000000000 
 0.0016856526 
 0.0001792870 
 0.0000000000 
 0.0000000000 
 0.0107952591 
 0.0052366730 
 0.0094870540 
 0.0000000000 
 0.0000000000 
 0.0107330731 
 0.0027298662 
 0.0000000000 
 0.0000470609 
 0.0000000000 
 0.0119883558 
 0.0059941779 
 0.0037081202 
 0.0018540601 
 0.0000000000 
 0.0000000000 
 0.0002317582 
 0.0001158791 
 0.0013823263 
 0.0006911632 
 0.0068483063 
 0.0034241531 
 0.0176069318 
 0.0088034659 
 0.0086874660 
 0.0043437330 
 0.0069061491 
 0.0034530745 
 0.0081689665 
 0.0040844832 
 0.0025836385 
 0.0012918193 
 0.0000957427 
 0.0001914854 
 0.0015878589 
 0.0007939294 
 0.0000873941 
 0.0000436970 
 0.0046267846 
 0.0023133923 
 0.0142244191 
 0.0071122095 
 0.0013096977 
 0.0006548489 
 0.0000000000 
 0.0000000000 
 0.0000000000 
 0.0000000000 
 0.0000000000 
 0.0304291671 
 0.0001165108 
 0.0000000000 
 0.0000000000 
 0.0004660437 
 0.0072217033 
 0.0061733971 
 0.0001814724 
 0.0003629448 
 0.0092882895 
 0.0046441448 
 0.0473094924 
 0.0236547462 
 0.0339190872 
 0.0169595436 
 0.0944635016 
 0.0472317508 
 0.0217652083 
 0.0108826041 
 0.0035425530 
 0.0070851059 
 0.0099840100 
 0.0199680199 
 0.0328716977 
 0.0657433953 
 0.0000446542 
 0.0000893084 
 0.0113038150 
 0.0056519075 
 0.0209667710 
 0.0104833855 
 0.0795256846 
 0.0397628423 
 0.0651897390 
 0.0325948695 
 0.0254376557 
 0.0127188278 
 0.0010823707 
 0.0021647414 
 0.0194228767 
 0.0388457533 
 0.0325931014 
 0.0651862027 
 0.0037363114 
 0.0074726227 
 0.0000000000 
 0.0046840514 
 0.0000000000 
 0.0036900885 
 0.0137535305 
 0.0010065049 
 0.0000000000 
 0.0000000000 
 0.0035264047 
 0.0035276599 
 0.0000000000 
 0.0115441822 
 0.0060051473 
 0.0012499221 
 0.0002206415 
 0.0000000000 
 0.0673325633 
 0.0336662816 
 0.0441222477 
 0.0220611238 
 0.0195787769 
 0.0097893885 
 0.0810058708 
 0.0405029354 
 0.0697536111 
 0.0348768056 
 0.0463066905 
 0.0231533452 
 0.0432717342 
 0.0216358671 
 0.0428946366 
 0.0214473183 
 0.0307119531 
 0.0153559766 
 0.0441138182 
 0.0220569091 
 0.0266896653 
 0.0133448327 
 0.0412145089 
 0.0206072544 
 0.0625388392 
 0.0312694196 
 0.0903190787 
 0.0451595393 
 0.0435163584 
 0.0217581792 
 0.0443894949 
 0.0221947475 
 0.0429440716 
 0.0214720358 
 0.0220221687 
 0.0110110843 
 0.0001353462 
 0.0002706925 
 0.0022382887 
 0.0324317578 
 0.0003697362 
 0.0005549197 
 0.0000000000 
 0.0000000000 
 0.0235263114 
 0.0206195331 
 0.0000000000 
 0.0000000000 
 0.0000000000 
 0.0000887640 
 0.0000000000 
 0.0000000000 
 0.0096432448 
 0.0108284227 
 0.0000000000 
 0.0000000000 
 0.0014138925 
 0.0007069462 
 0.0000709344 
 0.0001418688 
 0.0371286884 
 0.0185643442 
 0.0888937774 
 0.0444468887 
 0.0901519565 
 0.0450759782 
 0.0480934801 
 0.0240467400 
 0.0785138200 
 0.0392569100 
 0.0000000000 
 0.0000000000 
 0.0153430476 
 0.0076715238 
 0.0001306331 
 0.0002612662 
 0.0368590098 
 0.0184295049 
 0.0877455559 
 0.0438727779 
 0.0902343473 
 0.0451171736 
 0.0479797606 
 0.0239898803 
 0.0788912808 
 0.0394456404 
 0.0984599705 
 0.0492299853 
 0.0000000000 
 0.0000000000 
 0.0000000000 
 0.0004024251 
 0.0000000000 
 0.0000000000 
 0.0164502586 
 0.0124304922 
 0.0001242962 
 0.0990609443 
 0.0028584161 
 0.0001287582 
 0.0000000000 
 0.0000000000 
 0.0258689472 
 0.0184390645 
 0.0000000000 
 0.0000000000 
 0.0000000000 
 0.0064105702 
 0.0000000000 
 0.0000000000 
 0.0064324193 
 0.0224566436 
 0.0000000000 
 0.0000000000 
 0.0079953607 
 0.0003228127 
 0.0000000000 
 0.0000000000 
 0.0119051794 
 0.0253165449 
 0.0000000000 
 0.0000000000 
 0.0000000000 
 0.0005648380 
 0.0009887913 
 0.0018824075 
 0.0029660166 
 0.0000000000 
 0.0380957880 
 0.0190478940 
 0.0007416183 
 0.0003708091 
 0.0008448343 
 0.0016896685 
 0.0054460276 
 0.0027230138 
 0.0495067499 
 0.0247533749 
 0.0082397809 
 0.0041198904 
 0.0186870258 
 0.0093435129 
 0.0221404266 
 0.0110702133 
 0.0371535195 
 0.0185767597 
 0.0301043000 
 0.0150521500 
 0.0013100654 
 0.0006550327 
 0.0016036224 
 0.0032072449 
 0.0054692475 
 0.0027346237 
 0.0447444841 
 0.0223722420 
 0.0081511164 
 0.0040755582 
 0.0188510823 
 0.0094255411 
 0.0222152239 
 0.0111076119 
 0.0373001418 
 0.0186500709 
 0.0418378814 
 0.0209189407 
 0.0000000000 
 0.0000000000 
 0.0039320269 
 0.0000000000 
 0.0000000000 
 0.0000000000 
 0.0142104415 
 0.0186095640 
 0.0000000000 
 0.0000000000 
 0.0000000000 
 0.0000000000 
 0.0000000000 
 0.0000000000 
 0.0783112060 
 0.0391556030 
 0.0182625973 
 0.0091312986 
 0.0340472260 
 0.0170236130 
 0.0046278505 
 0.0092557009 
 0.0079461277 
 0.0158922554 
 0.0000000000 
 0.0000000000 
 0.0000000000 
 0.0000000000 
 0.0000000000 
 0.0000000000 
 0.0000000000 
 0.0000000000 
 0.0829976434 
 0.0414988217 
 0.0535180474 
 0.0267590237 
 0.0388868281 
 0.0194434141 
 0.0017167534 
 0.0034335068 
 0.0202191660 
 0.0404383321 
 0.0000000000 
 0.0000000000 
 0.0000000000 
 0.0000000000 
 0.0000000000 
 0.0000000000 
 0.0000000000 
 0.0000000000 
 0.0000000000 
 0.0000000000 
 0.0000000000 
 0.0000000000 
 0.0000000000 
 0.0000000000 
 0.0000000000 
 0.0002205559 
 0.0010295596 
 0.0015441807 
 0.0000000000 
 0.0000000000 
 0.0281851505 
 0.0140925752 
 0.0000000000 
 0.0000000000 
 0.0000000000 
 0.0000000000 
 0.0621163342 
 0.0310581671 
 0.0434163062 
 0.0217081531 
 0.0313775221 
 0.0156887610 
 0.0503420539 
 0.0251710269 
 0.0490821796 
 0.0245410898 
 0.0390884656 
 0.0195442328 
 0.0034298296 
 0.0017149148 
 0.0000000000 
 0.0000000000 
 0.0097491444 
 0.0048745722 
 0.0911769157 
 0.0455884579 
 0.0583906039 
 0.0291953020 
 0.0681239933 
 0.0340619967 
 0.0509330117 
 0.0254665059 
 0.0493236692 
 0.0246618346 
 0.0385542970 
 0.0192771485 
 0.0002706450 
 0.0005412900 
 0.0000000000 
 0.0268383247 
 0.0058227261 
 0.0000462261 
 0.0000000000 
 0.0000000000 
 0.0136332997 
 0.0087369559 
 0.0000000000 
 0.0000000000 
 0.0055305285 
 0.0004732908 
 0.0000000000 
 0.0000000000 
 0.0163284420 
 0.0245311982 
 0.0038603408 
 0.0019301704 
 0.0032991825 
 0.0016495913 
 0.0000000000 
 0.0000000000 
 0.0047083137 
 0.0023541569 
 0.0722495812 
 0.0361247906 
 0.0872967164 
 0.0436483582 
 0.0418678837 
 0.0209339419 
 0.0743695665 
 0.0371847832 
 0.0002955843 
 0.0001477922 
 0.0000000000 
 0.0000000000 
 0.0007091424 
 0.0003545712 
 0.0259641154 
 0.0129820577 
 0.0923261419 
 0.0461630709 
 0.0873089467 
 0.0436544733 
 0.0418236543 
 0.0209118272 
 0.0744150785 
 0.0372075392 
 0.0973959219 
 0.0486979610 
 0.0000000000 
 0.0000000000 
 0.0018331104 
 0.0000000000 
 0.0000000000 
 0.0000000000 
 0.0034426761 
 0.0008047406 
 0.0001242844 
 0.0990459560 
 0.0064505851 
 0.0000643762 
 0.0000000000 
 0.0000000000 
 0.0219265885 
 0.0167395841 
 0.0000000000 
 0.0000000000 
 0.0096548155 
 0.0128441736 
 0.0064417753 
 0.0064370521 
 0.0000000000 
 0.0000000000 
 0.0000000000 
 0.0000000000 
 0.0000717299 
 0.0039451070 
 0.0001434252 
 0.0000717299 
 0.0000000000 
 0.0000000000 
 0.0000000000 
 0.0000000000 
 0.0000000000 
 0.0000000000 
 0.0000000000 
 0.0000470762 
 0.0000000000 
 0.0000000000 
 0.0014779850 
 0.0007389925 
 0.0004944139 
 0.0002472070 
 0.0001490814 
 0.0002981628 
 0.0014485518 
 0.0007242759 
 0.0469990209 
 0.0234995104 
 0.0078971727 
 0.0039485864 
 0.0034883775 
 0.0017441888 
 0.0027256619 
 0.0013628309 
 0.0264115903 
 0.0132057951 
 0.0090772494 
 0.0045386247 
 0.0000000000 
 0.0000000000 
 0.0000239369 
 0.0000478739 
 0.0004116638 
 0.0002058319 
 0.0467576397 
 0.0233788199 
 0.0036973036 
 0.0018486518 
 0.0000000000 
 0.0000000000 
 0.0146850699 
 0.0073425349 
 0.0210281703 
 0.0105140851 
 0.0000000000 
 0.0000000000 
 0.0000000000 
 0.0253519918 
 0.0006989514 
 0.0004076536 
 0.0002621208 
 0.0000000000 
 0.0000000000 
 0.0000000000 
 0.0093644432 
 0.0046822216 
 0.0154421865 
 0.0077210933 
 0.0197305569 
 0.0098652785 
 0.0009720297 
 0.0004860148 
 0.0341780836 
 0.0170890418 
 0.0000000000 
 0.0000000000 
 0.0000000000 
 0.0000000000 
 0.0014840548 
 0.0029681095 
 0.0291382375 
 0.0582764751 
 0.0094079405 
 0.0047039703 
 0.0211987669 
 0.0105993835 
 0.0000000000 
 0.0000000000 
 0.0244146918 
 0.0122073459 
 0.0494239879 
 0.0247119940 
 0.0000000000 
 0.0000000000 
 0.0000000000 
 0.0000000000 
 0.0012752988 
 0.0025505976 
 0.0310638670 
 0.0621277340 
 0.0247027785 
 0.0494055569 
 0.0000000000 
 0.0070260904 
 0.0000000000 
 0.0000000000 
 0.0000000000 
 0.0040265647 
 0.0184539375 
 0.0020127903 
 0.0011757464 
 0.0000000000 
 0.0000490165 
 0.0000000000 
 0.0000000000 
 0.0068392136 
 0.0089454741 
 0.0079423176 
 0.0112604924 
 0.0056302462 
 0.0068305603 
 0.0034152802 
 0.0029816487 
 0.0014908244 
 0.0307332064 
 0.0153666032 
 0.0342239124 
 0.0171119562 
 0.0284070275 
 0.0142035138 
 0.0147301153 
 0.0073650577 
 0.0237502409 
 0.0118751204 
 0.0000000000 
 0.0000000000 
 0.0608439564 
 0.0304219782 
 0.0011536749 
 0.0005768375 
 0.0016645572 
 0.0008322786 
 0.0071060083 
 0.0035530042 
 0.0153367026 
 0.0076683513 
 0.0243521468 
 0.0121760734 
 0.0129761532 
 0.0064880766 
 0.0099378825 
 0.0049689412 
 0.0000000000 
 0.0000000000 
 0.0000000000 
 0.0000000000 
 0.0000000000 
 0.0022374578 
 0.0031901398 
 0.0024499399 
 0.0019414566 
 0.0000000000 
 0.0000000000 
 0.0000000000 
 0.0000000000 
 0.0075993376 
 0.0097006112 
 0.0109433666 
 0.0064189493 
 0.0001478478 
 0.0000000000 
 0.0000000000 
 0.0020846964 
 0.0010423482 
 0.0057078573 
 0.0028539286 
 0.0022091037 
 0.0011045518 
 0.0112543402 
 0.0056271701 
 0.0845446593 
 0.0422723296 
 0.0673538465 
 0.0336769233 
 0.0057623874 
 0.0028811937 
 0.0724231278 
 0.0362115639 
 0.0086309119 
 0.0043154559 
 0.0243541804 
 0.0121770902 
 0.0081360840 
 0.0040680420 
 0.0404938596 
 0.0202469298 
 0.0955062628 
 0.0477531314 
 0.0350633600 
 0.0175316800 
 0.0204022870 
 0.0102011435 
 0.0723805268 
 0.0361902634 
 0.0992164221 
 0.0496082111 
 0.0000000000 
 0.0000000000 
 0.0030399982 
 0.0141714134 
 0.0056326611 
 0.0000894117 
 0.0000000000 
 0.0000000000 
 0.0000000000 
 0.1004244922 
 0.0144075483 
 0.0167537189 
 0.0126576283 
 0.0000901317 
 0.0000000000 
 0.0000000000 
 0.0000000000 
 0.0000000000 
 0.0161058643 
 0.0000000000 
 0.0000000000 
 0.0032221684 
 0.0000000000 
 0.0128496532 
 0.0000000000 
 0.0000000000 
 0.0033710377 
 0.0009680736 
 0.0000000000 
 0.0000000000 
 0.0000000000 
 0.0033343715 
 0.0000000000 
 0.0000000000 
 0.0000000000 
 0.0000000000 
 0.0000000000 
 0.0000000000 
 0.0000000000 
 0.0000000000 
 0.0000000000 
 0.0000000000 
 0.0000000000 
 0.0000000000 
 0.0000000000 
 0.0000000000 
 0.0000000000 
 0.0000000000 
 0.0000000000 
 0.0000000000 
 0.0000000000 
 0.0000000000 
 0.0000000000 
 0.0000000000 
 0.0000000000 
 0.0000000000 
 0.0000000000 
 0.0000000000 
 0.0000000000 
 0.0000000000 
 0.0000000000 
 0.0000000000 
 0.0000000000 
 0.0000000000 
 0.0000000000 
 0.0000000000 
 0.0000000000 
 0.0000000000 
 0.0000000000 
 0.0000000000 
 0.0000000000 
 0.0000000000 
 0.0000000000 
 0.0000000000 
 0.0000000000 
 0.0000000000 
 0.0000000000 
 0.0000000000 
 0.0000000000 
 0.0223092575 
 0.0190474623 
 0.0005824613 
 0.0002038386 
 0.0000000000 
 0.0000000000 
 0.0065810739 
 0.0163698068 
 0.0081849034 
 0.0256837217 
 0.0128418609 
 0.0545960299 
 0.0272980150 
 0.0200658311 
 0.0100329156 
 0.0480090108 
 0.0240045054 
 0.0185748071 
 0.0092874035 
 0.0004149077 
 0.0008298154 
 0.0053965125 
 0.0107930250 
 0.0129498927 
 0.0258997854 
 0.0043466621 
 0.0021733311 
 0.0092483796 
 0.0046241898 
 0.0167836236 
 0.0083918118 
 0.0271489771 
 0.0135744885 
 0.0141653910 
 0.0070826955 
 0.0289341557 
 0.0144670778 
 0.0000000000 
 0.0000000000 
 0.0019036928 
 0.0038073856 
 0.0062658395 
 0.0125316791 
 0.0313489023 
 0.0626978045 
 0.0000000000 
 0.0023419442 
 0.0000000000 
 0.0000000000 
 0.0140872926 
 0.0194547105 
 0.0070445516 
 0.0000000000 
 0.0000000000 
 0.0000000000 
 0.0000000000 
 0.0000000000 
 0.0014216268 
 0.0045839904 
 0.0000490214 
 0.0000000000 
 0.0122761245 
 0.0061380623 
 0.0000000000 
 0.0000000000 
 0.0000000000 
 0.0000000000 
 0.0514090716 
 0.0257045358 
 0.0974658839 
 0.0487329419 
 0.0155685702 
 0.0077842851 
 0.0627726956 
 0.0313863478 
 0.0627102622 
 0.0313551311 
 0.0124702505 
 0.0062351252 
 0.0000000000 
 0.0000000000 
 0.0000000000 
 0.0000000000 
 0.0089170316 
 0.0044585158 
 0.0869402620 
 0.0434701310 
 0.0507230240 
 0.0253615120 
 0.0542663043 
 0.0271331521 
 0.0606168255 
 0.0303084128 
 0.0625874073 
 0.0312937037 
 0.0000000000 
 0.0000000000 
 0.0000000000 
 0.0000000000 
 0.0000000000 
 0.0335626282 
 0.0239035743 
 0.0024500090 
 0.0002773510 
 0.0000000000 
 0.0000000000 
 0.0116024322 
 0.0038009234 
 0.0171101438 
 0.0236391646 
 0.0036675822 
 0.0002958586 
 0.0000295859 
 0.0000000000 
 0.0183398399 
 0.0220042902 
 0.0110021451 
 0.0368653240 
 0.0184326620 
 0.0201444049 
 0.0100722025 
 0.0451543458 
 0.0225771729 
 0.0665519383 
 0.0332759691 
 0.0733375894 
 0.0366687947 
 0.0272003720 
 0.0136001860 
 0.0642470806 
 0.0321235403 
 0.0215178965 
 0.0107589483 
 0.0359933962 
 0.0179966981 
 0.0185310552 
 0.0092655276 
 0.0257390790 
 0.0128695395 
 0.0324731753 
 0.0162365876 
 0.0726202879 
 0.0363101440 
 0.0272288319 
 0.0136144160 
 0.0638494530 
 0.0319247265 
 0.0987138199 
 0.0493569100 
 0.0000000000 
 0.0000000000 
 0.0176555566 
 0.0029504728 
 0.0000894115 
 0.0000000000 
 0.0000000000 
 0.0163183555 
 0.0009942988 
 0.0988076795 
 0.0268069455 
 0.0009914046 
 0.0000901312 
 0.0000000000 
 0.0000000000 
 0.0153995789 
 0.0000000000 
 0.0000000000 
 0.0000000000 
 0.0000000000 
 0.0000000000 
 0.0000000000 
 0.0000000000 
 0.0000000000 
 0.0000000000 
 0.0000000000 
 0.0000000000 
 0.0000000000 
 0.0000000000 
 0.0000000000 
 0.0000000000 
 0.0000000000 
 0.0000000000 
 0.0000000000 
 0.0000000000 
 0.0000000000 
 0.0000000000 
 0.0000000000 
 0.0000000000 
 0.0000000000 
 0.0000000000 
 0.0000000000 
 0.0001235992 
 0.0000617996 
 0.0006957247 
 0.0003478623 
 0.0022595974 
 0.0011297987 
 0.0000000000 
 0.0000000000 
 0.0020117462 
 0.0010058731 
 0.0206796971 
 0.0103398485 
 0.0291486166 
 0.0145743083 
 0.0331868592 
 0.0165934296 
 0.0000000000 
 0.0000000000 
 0.0016011423 
 0.0008005712 
 0.0003350957 
 0.0001675479 
 0.0004116578 
 0.0002058289 
 0.0000000000 
 0.0000000000 
 0.0011026695 
 0.0005513348 
 0.0111383352 
 0.0055691676 
 0.0299967706 
 0.0149983853 
 0.0050415693 
 0.0025207847 
 0.0000000000 
 0.0000000000 
 0.0000000000 
 0.0000000000 
 0.0001164667 
 0.0000000000 
 0.0000000000 
 0.0007862781 
 0.0052118733 
 0.0002329711 
 0.0000000000 
 0.0000000000 
 0.0000198482 
 0.0000396964 
 0.0389561758 
 0.0194780879 
 0.0134701507 
 0.0067350754 
 0.0027576674 
 0.0013788337 
 0.0056027660 
 0.0028013830 
 0.0000000000 
 0.0000000000 
 0.0000000000 
 0.0000000000 
 0.0000000000 
 0.0000000000 
 0.0000000000 
 0.0000000000 
 0.0000570892 
 0.0001141784 
 0.0160033197 
 0.0080016599 
 0.0003000914 
 0.0001500457 
 0.0535686130 
 0.0267843065 
 0.0042235816 
 0.0021117908 
 0.0000000000 
 0.0000000000 
 0.0000000000 
 0.0000000000 
 0.0000000000 
 0.0000000000 
 0.0000000000 
 0.0000000000 
 0.0000000000 
 0.0000000000 
 0.0000000000 
 0.0000000000 
 0.0000000000 
 0.0000000000 
 0.0000000000 
 0.0000000000 
 0.0000000000 
 0.0000000000 
 0.0074275350 
 0.0137256601 
 0.0056380647 
 0.0003186403 
 0.0000000000 
 0.0000000000 
 0.0033413311 
 0.0016706655 
 0.0029735522 
 0.0014867761 
 0.0117379134 
 0.0058689567 
 0.0000000000 
 0.0000000000 
 0.0762420825 
 0.0381210413 
 0.0496724747 
 0.0248362373 
 0.0081394886 
 0.0040697443 
 0.0016992163 
 0.0008496082 
 0.0000000000 
 0.0000000000 
 0.0364271074 
 0.0182135537 
 0.0410685657 
 0.0205342829 
 0.0300604984 
 0.0150302492 
 0.0026112515 
 0.0013056257 
 0.0807231866 
 0.0403615933 
 0.0309401556 
 0.0154700778 
 0.0117731166 
 0.0058865583 
 0.0000000000 
 0.0000000000 
 0.0000000000 
 0.0000000000 
 0.0000000000 
 0.0000000000 
 0.0000000000 
 0.0425053377 
 0.0002311090 
 0.0000000000 
 0.0000000000 
 0.0031440428 
 0.0159478011 
 0.0007858019 
 0.0019001365 
 0.0095003757 
 0.0002070635 
 0.0000000000 
 0.0000000000 
 0.0078121319 
 0.0092604117 
 0.0018632217 
 0.0047098436 
 0.0094196872 
 0.0005236600 
 0.0002618300 
 0.0035569269 
 0.0071138537 
 0.0226892393 
 0.0113446197 
 0.0814107964 
 0.0407053982 
 0.0133100184 
 0.0066550092 
 0.0031224377 
 0.0015612188 
 0.0000000000 
 0.0000000000 
 0.0002364638 
 0.0004729275 
 0.0000000000 
 0.0000000000 
 0.0011849881 
 0.0023699762 
 0.0228254474 
 0.0114127237 
 0.0771775588 
 0.0385887794 
 0.0474047395 
 0.0237023697 
 0.0159675443 
 0.0079837721 
 0.0000000000 
 0.0000000000 
 0.0687700465 
 0.0343850233 
 0.0000000000 
 0.0000000000 
 0.0000894283 
 0.0000000000 
 0.0000000000 
 0.0058575518 
 0.0094342598 
 0.0009387771 
 0.0000000000 
 0.1037945230 
 0.0016740152 
 0.0000000000 
 0.0000000000 
 0.0137776168 
 0.0244006982 
 0.0014678404 
 0.0000000000 
 0.0000000000 
 0.0000000000 
 0.0000000000 
 0.0000000000 
 0.0000000000 
 0.0000000000 
 0.0000000000 
 0.0000000000 
 0.0000000000 
 0.0000000000 
 0.0000000000 
 0.0000000000 
 0.0006813800 
 0.0000000000 
 0.0001434932 
 0.0000000000 
 0.0000000000 
 0.0000000000 
 0.0000000000 
 0.0000000000 
 0.0000000000 
 0.0000000000 
 0.0000000000 
 0.0000000000 
 0.0000000000 
 0.0000000000 
 0.0000000000 
 0.0000000000 
 0.0000000000 
 0.0000000000 
 0.0000000000 
 0.0000000000 
 0.0000000000 
 0.0062704681 
 0.0031352340 
 0.0001661119 
 0.0000830560 
 0.0010056700 
 0.0005028350 
 0.0000000000 
 0.0000000000 
 0.0000000000 
 0.0000000000 
 0.0000000000 
 0.0000000000 
 0.0000000000 
 0.0000000000 
 0.0000000000 
 0.0000000000 
 0.0022722477 
 0.0011361239 
 0.0030270753 
 0.0015135376 
 0.0008567920 
 0.0004283960 
 0.0107805795 
 0.0053902898 
 0.0000000000 
 0.0000000000 
 0.0000000000 
 0.0000000000 
 0.0000000000 
 0.0000000000 
 0.0000000000 
 0.0000000000 
 0.0000000000 
 0.0000000000 
 0.0000000000 
 0.0000000000 
 0.0000000000 
 0.0000000000 
 0.0009924167 
 0.0004962083 
 0.0506715711 
 0.0253357856 
 0.0574734638 
 0.0287367319 
 0.0311709283 
 0.0155854642 
 0.0000000000 
 0.0000000000 
 0.0000000000 
 0.0000000000 
 0.0000000000 
 0.0000000000 
 0.0126821125 
 0.0253642250 
 0.0000000000 
 0.0000000000 
 0.0008753555 
 0.0004376778 
 0.0444437977 
 0.0222218989 
 0.0476961892 
 0.0238480946 
 0.0342817610 
 0.0171408805 
 0.0001456545 
 0.0000728272 
 0.0000000000 
 0.0000000000 
 0.0053593806 
 0.0107187611 
 0.0288648505 
 0.0577297009 
 0.0379890897 
 0.0759781795 
 0.0000000000 
 0.0000000000 
 0.0000000000 
 0.0000000000 
 0.0000000000 
 0.0000000000 
 0.0000000000 
 0.0000000000 
 0.0000000000 
 0.0000000000 
 0.0152227673 
 0.0001715592 
 0.0000000000 
 0.0000000000 
 0.0008826568 
 0.0119110344 
 0.0024696782 
 0.0012348391 
 0.0000000000 
 0.0000000000 
 0.0075684849 
 0.0037842424 
 0.0039009961 
 0.0019504980 
 0.0151758442 
 0.0075879221 
 0.0249586759 
 0.0124793379 
 0.0225769680 
 0.0112884840 
 0.0261288140 
 0.0130644070 
 0.0060485479 
 0.0030242740 
 0.0007095476 
 0.0003547738 
 0.0000000000 
 0.0000000000 
 0.0000000000 
 0.0000000000 
 0.0266274670 
 0.0133137335 
 0.0628497279 
 0.0314248640 
 0.0161687935 
 0.0080843968 
 0.0226643135 
 0.0113321568 
 0.0260221397 
 0.0130110698 
 0.0026016892 
 0.0013008446 
 0.0000000000 
 0.0000000000 
 0.0000000000 
 0.0402467355 
 0.0000924194 
 0.0014331381 
 0.0187162690 
 0.0126679589 
 0.0005545604 
 0.0000000000 
 0.0000000000 
 0.0000000000 
 0.0000000000 
 0.0017447173 
 0.0056773436 
 0.0114159585 
 0.0001183220 
 0.0000000000 
 0.0000000000 
 0.0000000000 
 0.0000000000 
 0.0000000000 
 0.0000000000 
 0.0000000000 
 0.0253351036 
 0.0126675518 
 0.0846564718 
 0.0423282359 
 0.0975791129 
 0.0487895565 
 0.0483024854 
 0.0241512427 
 0.0328378079 
 0.0164189039 
 0.0000000000 
 0.0000000000 
 0.0000000000 
 0.0000000000 
 0.0000000000 
 0.0000000000 
 0.0199998139 
 0.0099999070 
 0.0846709703 
 0.0423354851 
 0.0975914173 
 0.0487957087 
 0.0162418585 
 0.0081209292 
 0.0866070413 
 0.0433035206 
 0.0947965670 
 0.0473982835 
 0.0000000000 
 0.0000000000 
 0.0000000000 
 0.0005363606 
 0.0078682155 
 0.0028603848 
 0.0000447142 
 0.0000000000 
 0.0002485898 
 0.1005577880 
 0.0000000000 
 0.0000000000 
 0.0212334843 
 0.0113824754 
 0.0005021629 
 0.0001030046 
 0.0000000000 
 0.0000000000 
 0.0000000000 
 0.0000000000 
 0.0000000000 
 0.0000000000 
 0.0000000000 
 0.0000000000 
 0.0000000000 
 0.0000000000 
 0.0000000000 
 0.0000000000 
 0.0000000000 
 0.0000000000 
 0.0000000000 
 0.0000000000 
 0.0000000000 
 0.0000000000 
 0.0130410761 
 0.0094122459 
 0.0062142055 
 0.0000941578 
 0.0000000000 
 0.0000000000 
 0.0123162354 
 0.0061581177 
 0.0051915790 
 0.0025957895 
 0.0011926938 
 0.0005963469 
 0.0005794146 
 0.0002897073 
 0.0001727968 
 0.0000863984 
 0.0000000000 
 0.0000000000 
 0.0000000000 
 0.0000000000 
 0.0016032978 
 0.0008016489 
 0.0000000000 
 0.0000000000 
 0.0491685474 
 0.0245842737 
 0.0154294918 
 0.0077147459 
 0.0056969500 
 0.0028484750 
 0.0045282442 
 0.0022641221 
 0.0035836499 
 0.0017918249 
 0.0000000000 
 0.0000000000 
 0.0000000000 
 0.0000000000 
 0.0051638000 
 0.0025819000 
 0.0000000000 
 0.0000000000 
 0.0000000000 
 0.0000000000 
 0.0020283040 
 0.0000000000 
 0.0000000000 
 0.0000000000 
 0.0000000000 
 0.0002329838 
 0.0000873593 
 0.0002621208 
 0.0000000000 
 0.0000000000 
 0.0000000000 
 0.0000000000 
 0.0000000000 
 0.0000000000 
 0.0000000000 
 0.0000000000 
 0.0049726823 
 0.0024863412 
 0.0004310089 
 0.0002155044 
 0.0000000000 
 0.0000000000 
 0.0000000000 
 0.0000000000 
 0.0000000000 
 0.0000000000 
 0.0000000000 
 0.0000000000 
 0.0000000000 
 0.0000000000 
 0.0000000000 
 0.0000000000 
 0.0318454440 
 0.0159227220 
 0.0077854762 
 0.0038927381 
 0.0003884029 
 0.0001942014 
 0.0000000000 
 0.0000000000 
 0.0000000000 
 0.0000000000 
 0.0000000000 
 0.0000000000 
 0.0000000000 
 0.0000000000 
 0.0000000000 
 0.0000000000 
 0.0000000000 
 0.0000000000 
 0.0000000000 
 0.0000000000 
 0.0000000000 
 0.0000000000 
 0.0000000000 
 0.0000000000 
 0.0000000000 
 0.0003677040 
 0.0017647781 
 0.0000245133 
 0.0000000000 
 0.0000000000 
 0.0000000000 
 0.0000000000 
 0.0663046663 
 0.0331523331 
 0.0637985485 
 0.0318992743 
 0.0993071873 
 0.0496535937 
 0.0907288601 
 0.0453644300 
 0.0499458092 
 0.0249729046 
 0.0207143817 
 0.0103571908 
 0.0274110553 
 0.0137055277 
 0.0000465336 
 0.0000232668 
 0.0752835917 
 0.0376417959 
 0.0664505763 
 0.0332252881 
 0.0635280119 
 0.0317640060 
 0.0993123369 
 0.0496561685 
 0.0906642203 
 0.0453321102 
 0.0242108005 
 0.0121054003 
 0.0293263945 
 0.0146631973 
 0.0099848941 
 0.0049924471 
 0.0000000000 
 0.0000000000 
 0.0000000000 
 0.0000000000 
 0.0000000000 
 0.0346754589 
 0.0001386727 
 0.0000000000 
 0.0000000000 
 0.0008320501 
 0.0076740313 
 0.0000462176 
 0.0000000000 
 0.0076021214 
 0.0003550313 
 0.0000000000 
 0.0000000000 
 0.0162071111 
 0.0225995076 
 0.0047911403 
 0.0040148549 
 0.0080297099 
 0.0006807681 
 0.0003403841 
 0.0035872174 
 0.0071744349 
 0.0233624063 
 0.0116812032 
 0.0830326971 
 0.0415163486 
 0.0975150236 
 0.0487575118 
 0.0626331482 
 0.0313165741 
 0.0890350908 
 0.0445175454 
 0.0000295582 
 0.0000591163 
 0.0000000000 
 0.0000000000 
 0.0000186616 
 0.0000373231 
 0.0232279730 
 0.0116139865 
 0.0831021019 
 0.0415510509 
 0.0975077922 
 0.0487538961 
 0.0623823488 
 0.0311911744 
 0.0888486814 
 0.0444243407 
 0.1007909949 
 0.0503954975 
 0.0000000000 
 0.0000000000 
 0.0000894076 
 0.0000000000 
 0.0000000000 
 0.0067965472 
 0.0105957937 
 0.0016091090 
 0.0006215253 
 0.0994311453 
 0.0001030060 
 0.0000000000 
 0.0000000000 
 0.0132502960 
 0.0259181785 
 0.0022534813 
 0.0000000000 
 0.0000000000 
 0.0064336428 
 0.0192563885 
 0.0000000000 
 0.0032163711 
 0.0000000000 
 0.0000000000 
 0.0000000000 
 0.0000000000 
 0.0042310606 
 0.0075651563 
 0.0008604834 
 0.0001075609 
 0.0000000000 
 0.0000000000 
 0.0000000000 
 0.0000000000 
 0.0001883240 
 0.0000000000 
 0.0000000000 
 0.0054142251 
 0.0108289295 
 0.0000000000 
 0.0123177635 
 0.0061588818 
 0.0017922145 
 0.0035844291 
 0.0034537437 
 0.0069074875 
 0.0002028040 
 0.0004056080 
 0.0741300382 
 0.0370650191 
 0.0000535045 
 0.0001070089 
 0.0098005293 
 0.0049002647 
 0.0137291198 
 0.0068645599 
 0.0295445124 
 0.0147722562 
 0.0000000000 
 0.0000000000 
 0.0002729187 
 0.0005458374 
 0.0001915014 
 0.0003830029 
 0.0000588106 
 0.0001176212 
 0.0722769211 
 0.0361384605 
 0.0000432429 
 0.0000864857 
 0.0105384202 
 0.0052692101 
 0.0137024344 
 0.0068512172 
 0.0295238710 
 0.0147619355 
 0.0146043856 
 0.0073021928 
 0.0000000000 
 0.0000000000 
 0.0016599189 
 0.0045719563 
 0.0000291182 
 0.0000000000 
 0.0000000000 
 0.0000582364 
 0.0000000000 
 0.0000000000 
 0.0000396972 
 0.0000198486 
 0.0241576522 
 0.0120788261 
 0.0271822219 
 0.0135911110 
 0.0202982715 
 0.0101491358 
 0.0007327249 
 0.0003663624 
 0.0000000000 
 0.0000000000 
 0.0000000000 
 0.0000000000 
 0.0016353956 
 0.0032707911 
 0.0000000000 
 0.0000000000 
 0.0002664062 
 0.0001332031 
 0.0575454759 
 0.0287727380 
 0.0112802164 
 0.0056401082 
 0.0168329099 
 0.0084164549 
 0.0000485479 
 0.0000242740 
 0.0000000000 
 0.0000000000 
 0.0037887683 
 0.0075775366 
 0.0058671907 
 0.0117343815 
 0.0000000000 
 0.0000000000 
 0.0000000000 
 0.0000000000 
 0.0000000000 
 0.0000000000 
 0.0000000000 
 0.0000000000 
 0.0000000000 
 0.0000000000 
 0.0000000000 
 0.0000000000 
 0.0001715579 
 0.0000000000 
 0.0000000000 
 0.0074512835 
 0.0081654174 
 0.0010295605 
 0.0724926797 
 0.0362463399 
 0.0401052983 
 0.0200526492 
 0.0369245928 
 0.0184622964 
 0.0898606718 
 0.0449303359 
 0.0975130410 
 0.0487565205 
 0.0000000000 
 0.0000000000 
 0.0232031698 
 0.0116015849 
 0.0564846058 
 0.0282423029 
 0.0214510850 
 0.0107255425 
 0.0852065017 
 0.0426032509 
 0.0402250014 
 0.0201125007 
 0.0368775111 
 0.0184387556 
 0.0898531615 
 0.0449265807 
 0.0470737983 
 0.0235368992 
 0.0024807965 
 0.0012403983 
 0.0532518090 
 0.0266259045 
 0.0563482191 
 0.0281741095 
 0.0047393170 
 0.0023696585 
 0.0000000000 
 0.0000000000 
 0.0000000000 
 0.0302013181 
 0.0148873295 
 0.0153955071 
 0.0007394087 
 0.0002311127 
 0.0000000000 
 0.0000000000 
 0.0000000000 
 0.0152023146 
 0.0052357455 
 0.0108263017 
 0.0000000000 
 0.0001774829 
 0.0000000000 
 0.0000000000 
 0.0153648731 
 0.0076824365 
 0.0239315013 
 0.0119657507 
 0.0025536691 
 0.0012768346 
 0.0000000000 
 0.0000000000 
 0.0103374089 
 0.0051687044 
 0.0813978516 
 0.0406989258 
 0.0316631992 
 0.0158315996 
 0.0672281984 
 0.0336140992 
 0.0044336309 
 0.0022168154 
 0.0020944451 
 0.0010472225 
 0.0000000000 
 0.0000000000 
 0.0000000000 
 0.0000000000 
 0.0437811870 
 0.0218905935 
 0.0829831411 
 0.0414915705 
 0.0318555727 
 0.0159277863 
 0.0673009196 
 0.0336504598 
 0.0989768842 
 0.0494884421 
 0.0000000000 
 0.0000000000 
 0.0023693010 
 0.0042471115 
 0.0000000000 
 0.0000000000 
 0.0000000000 
 0.0000000000 
 0.0002485697 
 0.0995621119 
 0.0221972400 
 0.0154900495 
 0.0035670377 
 0.0001287548 
 0.0000000000 
 0.0000000000 
 0.0000000000 
 0.0000000000 
 0.0000000000 
 0.0000000000 
 0.0000000000 
 0.0000000000 
 0.0000000000 
 0.0000000000 
 0.0000000000 
 0.0000000000 
 0.0000000000 
 0.0000000000 
 0.0000000000 
 0.0000000000 
 0.0000000000 
 0.0000000000 
 0.0000000000 
 0.0000000000 
 0.0000000000 
 0.0000000000 
 0.0000000000 
 0.0000000000 
 0.0000000000 
 0.0000000000 
 0.0000000000 
 0.0000000000 
 0.0000000000 
 0.0000000000 
 0.0000000000 
 0.0000000000 
 0.0000000000 
 0.0000000000 
 0.0000000000 
 0.0000000000 
 0.0000000000 
 0.0000000000 
 0.0071423374 
 0.0035711687 
 0.0074627935 
 0.0037313968 
 0.0542269926 
 0.0271134963 
 0.0000000000 
 0.0000000000 
 0.0000000000 
 0.0000000000 
 0.0000000000 
 0.0000000000 
 0.0000000000 
 0.0000000000 
 0.0000000000 
 0.0000000000 
 0.0032430620 
 0.0016215310 
 0.0241635890 
 0.0120817945 
 0.0177571826 
 0.0088785913 
 0.0079229900 
 0.0039614950 
 0.0000000000 
 0.0000000000 
 0.0000000000 
 0.0000000000 
 0.0000000000 
 0.0000000000 
 0.0000000000 
 0.0000000000 
 0.0000000000 
 0.0000000000 
 0.0000000000 
 0.0000000000 
 0.0000000000 
 0.0000000000 
 0.0000000000 
 0.0000000000 
 0.0093740725 
 0.0046870362 
 0.0290677864 
 0.0145338932 
 0.0255563026 
 0.0127781513 
 0.0000000000 
 0.0000000000 
 0.0041151146 
 0.0082302291 
 0.0056398645 
 0.0112797289 
 0.0000000000 
 0.0000000000 
 0.0000000000 
 0.0000000000 
 0.0000000000 
 0.0000000000 
 0.0796469898 
 0.0398234949 
 0.0629916297 
 0.0314958148 
 0.0124289360 
 0.0062144680 
 0.0000000000 
 0.0000000000 
 0.0008870642 
 0.0017741284 
 0.0000000000 
 0.0000000000 
 0.0000000000 
 0.0000000000 
 0.0000000000 
 0.0000000000 
 0.0000000000 
 0.0000000000 
 0.0000000000 
 0.0000000000 
 0.0000000000 
 0.0000000000 
 0.0000000000 
 0.0000000000 
 0.0000000000 
 0.0000000000 
 0.0000000000 
 0.0000000000 
 0.0000000000 
 0.0000000000 
 0.0000000000 
 0.0000000000 
 0.0376934952 
 0.0188467476 
 0.0662187064 
 0.0331093532 
 0.0680506898 
 0.0340253449 
 0.0311282047 
 0.0155641023 
 0.0000000000 
 0.0000000000 
 0.0128889466 
 0.0064444733 
 0.0057013073 
 0.0028506536 
 0.0000465334 
 0.0000232667 
 0.0172090214 
 0.0086045107 
 0.0676781896 
 0.0338390948 
 0.0668365935 
 0.0334182968 
 0.0847169564 
 0.0423584782 
 0.0301651982 
 0.0150825991 
 0.0003707154 
 0.0001853577 
 0.0011742379 
 0.0005871189 
 0.0000000000 
 0.0000000000 
 0.0000000000 
 0.0000000000 
 0.0000000000 
 0.0000000000 
 0.0000000000 
 0.0000000000 
 0.0000000000 
 0.0000000000 
 0.0000000000 
 0.0000000000 
 0.0004160074 
 0.0000000000 
 0.0000000000 
 0.0000000000 
 0.0000000000 
 0.0000000000 
 0.0001182998 
 0.0032822210 
 0.0062403333 
 0.0001182997 
 0.0000000000 
 0.0000000000 
 0.0000000000 
 0.0000000000 
 0.0016618935 
 0.0033237870 
 0.0110307530 
 0.0055153765 
 0.0820305150 
 0.0410152575 
 0.0988765364 
 0.0494382682 
 0.0631595605 
 0.0315797802 
 0.0141445343 
 0.0070722671 
 0.0000000000 
 0.0000000000 
 0.0000000000 
 0.0000000000 
 0.0000000000 
 0.0000000000 
 0.0170403534 
 0.0085201767 
 0.0821723689 
 0.0410861845 
 0.0987844690 
 0.0493922345 
 0.0419338215 
 0.0209669107 
 0.0512345338 
 0.0256172669 
 0.1007916581 
 0.0503958290 
 0.0000000000 
 0.0000000000 
 0.0000000000 
 0.0000000000 
 0.0001788146 
 0.0008938691 
 0.0022351913 
 0.0000000000 
 0.0000000000 
 0.0991893253 
 0.0000257516 
 0.0000000000 
 0.0035281245 
 0.0153608329 
 0.0207970639 
 0.0000257533 
 0.0000000000 
 0.0000000000 
 0.0096395961 
 0.0160809580 
 0.0000000000 
 0.0032272707 
 0.0000000000 
 0.0000000000 
 0.0000000000 
 0.0000000000 
 0.0076015702 
 0.0144532761 
 0.0048039839 
 0.0001793106 
 0.0000000000 
 0.0000000000 
 0.0011857069 
 0.0000000000 
 0.0001883081 
 0.0000000000 
 0.0000000000 
 0.0120518649 
 0.0146380354 
 0.0048485724 
 0.0267680320 
 0.0133840160 
 0.0003296002 
 0.0006592003 
 0.0031555045 
 0.0063110091 
 0.0000000000 
 0.0000000000 
 0.0095032794 
 0.0047516397 
 0.0000000000 
 0.0000000000 
 0.0000000000 
 0.0000000000 
 0.0000000000 
 0.0000000000 
 0.0004476567 
 0.0002238283 
 0.0019667560 
 0.0009833780 
 0.0000727766 
 0.0001455532 
 0.0002154370 
 0.0004308739 
 0.0000000000 
 0.0000000000 
 0.0000000000 
 0.0000000000 
 0.0000000000 
 0.0000000000 
 0.0000000000 
 0.0000000000 
 0.0001763221 
 0.0000881610 
 0.0018721520 
 0.0009360760 
 0.0000000000 
 0.0000000000 
 0.0010139317 
 0.0294040120 
 0.0042228289 
 0.0023004098 
 0.0010481420 
 0.0000582459 
 0.0000000000 
 0.0000000000 
 0.0132475466 
 0.0066237733 
 0.0212765357 
 0.0106382678 
 0.0385636478 
 0.0192818239 
 0.0459669172 
 0.0229834586 
 0.0963333762 
 0.0481666881 
 0.0356861750 
 0.0178430875 
 0.0000000000 
 0.0000000000 
 0.0019832926 
 0.0039665852 
 0.0251990283 
 0.0503980567 
 0.0131287955 
 0.0065643978 
 0.0244716736 
 0.0122358368 
 0.0678084305 
 0.0339042152 
 0.0878720033 
 0.0439360016 
 0.0963748486 
 0.0481874243 
 0.0309741464 
 0.0154870732 
 0.0042922478 
 0.0085844957 
 0.0248954762 
 0.0497909523 
 0.0398060715 
 0.0796121430 
 0.0467116941 
 0.0934233882 
 0.0023422453 
 0.0023423892 
 0.0000000000 
 0.0000000000 
 0.0000000000 
 0.0077144106 
 0.0194511154 
 0.0006708587 
 0.0000000000 
 0.0000000000 
 0.0001225414 
 0.0000000000 
 0.0000000000 
 0.0109563238 
 0.0117185133 
 0.0059316189 
 0.0092983425 
 0.0046491712 
 0.0142252024 
 0.0071126012 
 0.0101955218 
 0.0050977609 
 0.0227566676 
 0.0113783338 
 0.0384420967 
 0.0192210484 
 0.0694169002 
 0.0347084501 
 0.0543174257 
 0.0271587128 
 0.0517604851 
 0.0258802425 
 0.0248947781 
 0.0124473891 
 0.0027791303 
 0.0013895651 
 0.0012305444 
 0.0006152722 
 0.0008520472 
 0.0004260236 
 0.0241424579 
 0.0120712289 
 0.0677720381 
 0.0338860191 
 0.0724309635 
 0.0362154818 
 0.0543631280 
 0.0271815640 
 0.0521888130 
 0.0260944065 
 0.0168166524 
 0.0084083262 
 0.0000000000 
 0.0000000000 
 0.0000000000 
 0.0268501356 
 0.0067033944 
 0.0008783122 
 0.0029126430 
 0.0001386568 
 0.0000000000 
 0.0000000000 
 0.0018996079 
 0.0076022723 
 0.0136957628 
 0.0136662711 
 0.0040525149 
 0.0001182782 
 0.0000000000 
 0.0000000000 
 0.0137423817 
 0.0068711909 
 0.0249268801 
 0.0124634401 
 0.0057356217 
 0.0028678109 
 0.0121072860 
 0.0060536430 
 0.0444781526 
 0.0222390763 
 0.0848318354 
 0.0424159177 
 0.0352040390 
 0.0176020195 
 0.0704750192 
 0.0352375096 
 0.0137153748 
 0.0068576874 
 0.0290306345 
 0.0145153172 
 0.0119435080 
 0.0059717540 
 0.0303116509 
 0.0151558255 
 0.0972549901 
 0.0486274950 
 0.0848448930 
 0.0424224465 
 0.0351532056 
 0.0175766028 
 0.0699296902 
 0.0349648451 
 0.0989485032 
 0.0494742516 
 0.0000000000 
 0.0000000000 
 0.0117102351 
 0.0175663581 
 0.0044248465 
 0.0001340929 
 0.0000000000 
 0.0000000000 
 0.0000000000 
 0.1001794649 
 0.0182326554 
 0.0167117484 
 0.0087814973 
 0.0001030029 
 0.0000000000 
 0.0000000000 
 0.0000000000 
 0.0000000000 
 0.0000000000 
 0.0000000000 
 0.0000000000 
 0.0000000000 
 0.0000000000 
 0.0000000000 
 0.0000000000 
 0.0000000000 
 0.0010757789 
 0.0000000000 
 0.0000000000 
 0.0000000000 
 0.0000000000 
 0.0000000000 
 0.0000000000 
 0.0000000000 
 0.0000000000 
 0.0000000000 
 0.0000000000 
 0.0000000000 
 0.0000000000 
 0.0000000000 
 0.0000000000 
 0.0000000000 
 0.0000000000 
 0.0000000000 
 0.0000000000 
 0.0000000000 
 0.0000000000 
 0.0000000000 
 0.0000000000 
 0.0000000000 
 0.0000000000 
 0.0000000000 
 0.0000000000 
 0.0000000000 
 0.0000000000 
 0.0000000000 
 0.0019183918 
 0.0009591959 
 0.0000000000 
 0.0000000000 
 0.0000000000 
 0.0000000000 
 0.0000000000 
 0.0000000000 
 0.0000000000 
 0.0000000000 
 0.0000000000 
 0.0000000000 
 0.0000000000 
 0.0000000000 
 0.0000000000 
 0.0000000000 
 0.0024179906 
 0.0012089953 
 0.0036004357 
 0.0018002178 
 0.0000000000 
 0.0000000000 
 0.0000000000 
 0.0000000000 
 0.0001164856 
 0.0000000000 
 0.0000291230 
 0.0000000000 
 0.0000000000 
 0.0000000000 
 0.0009437552 
 0.0004718776 
 0.0010320860 
 0.0005160430 
 0.0579632918 
 0.0289816459 
 0.0733711551 
 0.0366855775 
 0.0310573788 
 0.0155286894 
 0.0223244119 
 0.0111622059 
 0.0024574142 
 0.0049148284 
 0.0000000000 
 0.0000000000 
 0.0000000000 
 0.0000000000 
 0.0001488562 
 0.0000744281 
 0.0014082545 
 0.0007041273 
 0.0260400912 
 0.0130200456 
 0.0246597003 
 0.0123298502 
 0.0569733147 
 0.0284866574 
 0.0080100308 
 0.0040050154 
 0.0000746447 
 0.0001492894 
 0.0000000000 
 0.0000000000 
 0.0000000000 
 0.0000000000 
 0.0000000000 
 0.0000000000 
 0.0000000000 
 0.0000000000 
 0.0000000000 
 0.0000000000 
 0.0000000000 
 0.0000000000 
 0.0000000000 
 0.0000000000 
 0.0000000000 
 0.0047030161 
 0.0000245108 
 0.0000000000 
 0.0017404460 
 0.0006617913 
 0.0000245132 
 0.0000000000 
 0.0782342444 
 0.0391171222 
 0.0343162160 
 0.0171581080 
 0.0304203775 
 0.0152101887 
 0.0869954909 
 0.0434977454 
 0.1018903894 
 0.0509451947 
 0.0803058010 
 0.0401529005 
 0.0641093161 
 0.0320546581 
 0.0606397264 
 0.0303198632 
 0.0000000000 
 0.0000000000 
 0.0818934180 
 0.0409467090 
 0.0338406430 
 0.0169203215 
 0.0308531915 
 0.0154265958 
 0.0869819774 
 0.0434909887 
 0.1018172619 
 0.0509086310 
 0.0803556704 
 0.0401778352 
 0.0641464574 
 0.0320732287 
 0.0460850298 
 0.0230425149 
 0.0000000000 
 0.0000000000 
 0.0000000000 
 0.0000000000 
 0.0011184353 
 0.0324342080 
 0.0150224801 
 0.0012017901 
 0.0000924406 
 0.0000000000 
 0.0000000000 
 0.0166387655 
 0.0019008993 
 0.0056998561 
 0.0170352167 
 0.0016270652 
 0.0004732864 
 0.0000000000 
 0.0000000000 
 0.0161242944 
 0.0030109302 
 0.0015054651 
 0.0000000000 
 0.0000000000 
 0.0000000000 
 0.0000000000 
 0.0350205833 
 0.0175102916 
 0.0691191904 
 0.0345595952 
 0.0344644356 
 0.0172322178 
 0.0302180372 
 0.0151090186 
 0.0636012553 
 0.0318006276 
 0.0000000000 
 0.0000000000 
 0.0000000000 
 0.0000000000 
 0.0033963692 
 0.0016981846 
 0.0109408510 
 0.0054704255 
 0.0316643344 
 0.0158321672 
 0.0201299288 
 0.0100649644 
 0.0275053560 
 0.0137526780 
 0.0658671580 
 0.0329335790 
 0.0976563600 
 0.0488281800 
 0.0000000000 
 0.0000000000 
 0.0010728911 
 0.0000000000 
 0.0000000000 
 0.0000000000 
 0.0000000000 
 0.0006257936 
 0.0000000000 
 0.0986832012 
 0.0212835014 
 0.0001158774 
 0.0000386263 
 0.0000000000 
 0.0003219173 
 0.0164819147 
 0.0000000000 
 0.0000000000 
 0.0000000000 
 0.0032143291 
 0.0000000000 
 0.0000000000 
 0.0128532283 
 0.0224515623 
 0.0000000000 
 0.0000000000 
 0.0051294974 
 0.0002509670 
 0.0000000000 
 0.0000000000 
 0.0211601321 
 0.0224478085 
 0.0000000000 
 0.0000000000 
 0.0000000000 
 0.0146874171 
 0.0077197958 
 0.0014121255 
 0.0004236321 
 0.0000000000 
 0.0000000000 
 0.0000000000 
 0.0000000000 
 0.0000000000 
 0.0000000000 
 0.0000000000 
 0.0000000000 
 0.0000000000 
 0.0000000000 
 0.0000000000 
 0.0000000000 
 0.0000000000 
 0.0000000000 
 0.0000000000 
 0.0133794017 
 0.0066897009 
 0.0400341056 
 0.0200170528 
 0.0000000000 
 0.0000000000 
 0.0000000000 
 0.0000000000 
 0.0000000000 
 0.0000000000 
 0.0000000000 
 0.0000000000 
 0.0000000000 
 0.0000000000 
 0.0000000000 
 0.0000000000 
 0.0000000000 
 0.0000000000 
 0.0224438755 
 0.0112219378 
 0.0286617182 
 0.0143308591 
 0.0461850651 
 0.0230925325 
 0.0000000000 
 0.0304161386 
 0.0000000000 
 0.0002330074 
 0.0000000000 
 0.0000000000 
 0.0147661251 
 0.0028540499 
 0.0004718621 
 0.0002359310 
 0.0107972155 
 0.0053986077 
 0.0546541842 
 0.0273270921 
 0.0756171211 
 0.0378085605 
 0.0526434890 
 0.0263217445 
 0.0487034092 
 0.0243517046 
 0.0027765504 
 0.0055531009 
 0.0068406200 
 0.0136812399 
 0.0186902303 
 0.0373804605 
 0.0000893134 
 0.0000446567 
 0.0114559219 
 0.0057279609 
 0.0552107117 
 0.0276053559 
 0.0818018495 
 0.0409009248 
 0.0433800413 
 0.0216900206 
 0.0221849435 
 0.0110924718 
 0.0011197352 
 0.0022394704 
 0.0024396301 
 0.0048792603 
 0.0309296125 
 0.0618592249 
 0.0413132124 
 0.0826264247 
 0.0000000000 
 0.0046841643 
 0.0000000000 
 0.0013417260 
 0.0187835059 
 0.0000000000 
 0.0000000000 
 0.0000000000 
 0.0000000000 
 0.0000000000 
 0.0000000000 
 0.0159086936 
 0.0174516972 
 0.0034808916 
 0.0001715394 
 0.0000000000 
 0.0004358163 
 0.0002179081 
 0.0158316718 
 0.0079158359 
 0.0083188474 
 0.0041594237 
 0.0237524318 
 0.0118762159 
 0.0958648415 
 0.0479324208 
 0.0648406722 
 0.0324203361 
 0.0464514956 
 0.0232257478 
 0.0445162802 
 0.0222581401 
 0.0332706658 
 0.0166353329 
 0.0659288601 
 0.0329644301 
 0.0393781693 
 0.0196890846 
 0.0150388940 
 0.0075194470 
 0.0654068578 
 0.0327034289 
 0.0956945335 
 0.0478472667 
 0.0648173034 
 0.0324086517 
 0.0465307874 
 0.0232653937 
 0.0446074731 
 0.0223037365 
 0.0329851460 
 0.0164925730 
 0.0001353399 
 0.0002706799 
 0.0000000000 
 0.0313294798 
 0.0005085869 
 0.0000000000 
 0.0000000000 
 0.0000000000 
 0.0053152319 
 0.0000462297 
 0.0018997360 
 0.0075989289 
 0.0013900261 
 0.0003844873 
 0.0000000000 
 0.0000000000 
 0.0188984569 
 0.0224473781 
 0.0026251214 
 0.0013125607 
 0.0168090173 
 0.0084045086 
 0.0014186454 
 0.0007093227 
 0.0291025998 
 0.0145512999 
 0.0902372896 
 0.0451186448 
 0.0893248939 
 0.0446624469 
 0.0463933369 
 0.0231966685 
 0.0776223548 
 0.0388111774 
 0.0005320302 
 0.0002660151 
 0.0178750369 
 0.0089375184 
 0.0010264357 
 0.0005132178 
 0.0380232421 
 0.0190116210 
 0.0902946836 
 0.0451473418 
 0.0843839599 
 0.0421919799 
 0.0463805844 
 0.0231902922 
 0.0782703864 
 0.0391351932 
 0.0971354993 
 0.0485677497 
 0.0014371612 
 0.0000000000 
 0.0013413623 
 0.0003576078 
 0.0000000000 
 0.0000000000 
 0.0167184701 
 0.0198977303 
 0.0004971317 
 0.0765670342 
 0.0035281777 
 0.0000643797 
 0.0000000000 
 0.0000000000 
 0.0250951661 
 0.0194174290 
 0.0000000000 
 0.0000000000 
 0.0000000000 
 0.0096713386 
 0.0128661099 
 0.0000000000 
 0.0000000000 
 0.0000000000 
 0.0000000000 
 0.0000000000 
 0.0000358650 
 0.0106485315 
 0.0041603169 
 0.0000717016 
 0.0000000000 
 0.0000000000 
 0.0000000000 
 0.0000000000 
 0.0000000000 
 0.0000000000 
 0.0000000000 
 0.0000000000 
 0.0000000000 
 0.0000000000 
 0.0006568513 
 0.0003284257 
 0.0012772009 
 0.0006386005 
 0.0000496959 
 0.0000248480 
 0.0067790775 
 0.0033895388 
 0.0803608616 
 0.0401804308 
 0.0167999031 
 0.0083999515 
 0.0050663368 
 0.0025331684 
 0.0180006099 
 0.0090003049 
 0.0095272256 
 0.0047636128 
 0.0031766702 
 0.0015883351 
 0.0040757294 
 0.0020378647 
 0.0000478728 
 0.0000239364 
 0.0134682973 
 0.0067341487 
 0.0842480896 
 0.0421240448 
 0.0165401537 
 0.0082700768 
 0.0028275555 
 0.0014137778 
 0.0000000000 
 0.0000000000 
 0.0321210524 
 0.0160605262 
 0.0489475629 
 0.0244737815 
 0.0000000000 
 0.0192648889 
 0.0033484134 
 0.0045721547 
 0.0080083763 
 0.0000582586 
 0.0000000000 
 0.0000000000 
 0.0007259320 
 0.0003629660 
 0.0036122517 
 0.0018061259 
 0.0269071888 
 0.0134535944 
 0.0100333697 
 0.0050166849 
 0.0184682074 
 0.0092341037 
 0.0000000000 
 0.0000000000 
 0.0000319161 
 0.0000638323 
 0.0000000000 
 0.0000000000 
 0.0168533845 
 0.0337067691 
 0.0030068341 
 0.0015034171 
 0.0106190734 
 0.0053095367 
 0.0465625064 
 0.0232812532 
 0.0090560741 
 0.0045280371 
 0.0059516729 
 0.0029758364 
 0.0064081881 
 0.0032040940 
 0.0012689458 
 0.0025378916 
 0.0062096037 
 0.0124192075 
 0.0009999635 
 0.0019999270 
 0.0000000000 
 0.0000000000 
 0.0000000000 
 0.0000000000 
 0.0000000000 
 0.0000000000 
 0.0000000000 
 0.0000000000 
 0.0140929585 
 0.0036892115 
 0.0000000000 
 0.0000000000 
 0.0000000000 
 0.0000980201 
 0.0000000000 
 0.0000000000 
 0.0024995745 
 0.0073049725 
 0.0000000000 
 0.0000000000 
 0.0000000000 
 0.0000000000 
 0.0141985797 
 0.0070992898 
 0.0364531210 
 0.0182265605 
 0.0957238905 
 0.0478619452 
 0.0617111964 
 0.0308555982 
 0.0089967701 
 0.0044983851 
 0.0167633307 
 0.0083816654 
 0.0296424471 
 0.0148212235 
 0.0000000000 
 0.0000000000 
 0.0104595166 
 0.0052297583 
 0.0396896620 
 0.0198448310 
 0.0621127605 
 0.0310563803 
 0.0955993492 
 0.0477996746 
 0.0615349812 
 0.0307674906 
 0.0036694343 
 0.0018347171 
 0.0308330155 
 0.0154165077 
 0.0295451509 
 0.0147725755 
 0.0000000000 
 0.0000000000 
 0.0000000000 
 0.0290772615 
 0.0011554232 
 0.0001848729 
 0.0046681294 
 0.0000462189 
 0.0000000000 
 0.0000000000 
 0.0000000000 
 0.0094948001 
 0.0022477023 
 0.0170995915 
 0.0123600428 
 0.0002662733 
 0.0000000000 
 0.0000000000 
 0.0010037404 
 0.0005018702 
 0.0043989415 
 0.0021994707 
 0.0002837272 
 0.0001418636 
 0.0169045978 
 0.0084522989 
 0.0919157588 
 0.0459578794 
 0.0905620381 
 0.0452810191 
 0.0466868784 
 0.0233434392 
 0.0786443440 
 0.0393221720 
 0.0027785789 
 0.0013892895 
 0.0148064166 
 0.0074032083 
 0.0003918826 
 0.0001959413 
 0.0406717104 
 0.0203358552 
 0.0918603085 
 0.0459301542 
 0.0909604970 
 0.0454802485 
 0.0465264546 
 0.0232632273 
 0.0780645431 
 0.0390322715 
 0.0898293271 
 0.0449146636 
 0.0000000000 
 0.0000000000 
 0.0005812302 
 0.0079127956 
 0.0028162015 
 0.0000447100 
 0.0000000000 
 0.0000000000 
 0.0000000000 
 0.1001864788 
 0.0054469881 
 0.0139969901 
 0.0189539312 
 0.0001158932 
 0.0000257536 
 0.0000000000 
 0.0000000000 
 0.0000000000 
 0.0000000000 
 0.0000000000 
 0.0000000000 
 0.0000000000 
 0.0000000000 
 0.0000000000 
 0.0000000000 
 0.0000000000 
 0.0000000000 
 0.0000358679 
 0.0043382681 
 0.0001434711 
 0.0001075600 
 0.0000000000 
 0.0000000000 
 0.0000000000 
 0.0056016853 
 0.0002824503 
 0.0000000000 
 0.0000000000 
 0.0024478631 
 0.0153960850 
 0.0001642070 
 0.0000821035 
 0.0000000000 
 0.0000000000 
 0.0034785943 
 0.0017392972 
 0.0133268226 
 0.0066634113 
 0.0330057124 
 0.0165028562 
 0.0000000000 
 0.0000000000 
 0.0000000000 
 0.0000000000 
 0.0058157161 
 0.0029078581 
 0.0571096312 
 0.0285548156 
 0.0012102214 
 0.0006051107 
 0.0041119784 
 0.0020559892 
 0.0060799937 
 0.0030399968 
 0.0115273021 
 0.0057636511 
 0.0000000000 
 0.0000000000 
 0.0000000000 
 0.0000000000 
 0.0000000000 
 0.0000000000 
 0.0347867130 
 0.0173933565 
 0.0584768172 
 0.0292384086 
 0.0611848153 
 0.0305924077 
 0.0000000000 
 0.0000000000 
 0.0000000000 
 0.0025919428 
 0.0124043616 
 0.0037263247 
 0.0001455829 
 0.0000000000 
 0.0002177830 
 0.0004355660 
 0.0000000000 
 0.0000000000 
 0.0000000000 
 0.0000000000 
 0.0266794775 
 0.0133397387 
 0.0615258589 
 0.0307629294 
 0.0000000000 
 0.0000000000 
 0.0000000000 
 0.0000000000 
 0.0000000000 
 0.0000000000 
 0.0031041272 
 0.0062082544 
 0.0011164322 
 0.0022328644 
 0.0000761199 
 0.0000380600 
 0.0004461025 
 0.0002230513 
 0.0535199803 
 0.0267599902 
 0.0279267243 
 0.0139633621 
 0.0004369289 
 0.0002184645 
 0.0000000000 
 0.0000000000 
 0.0000000000 
 0.0000000000 
 0.0174008267 
 0.0348016534 
 0.0392379787 
 0.0784759573 
 0.0000000000 
 0.0000000000 
 0.0000000000 
 0.0000000000 
 0.0000000000 
 0.0000000000 
 0.0000000000 
 0.0000000000 
 0.0000000000 
 0.0047007452 
 0.0008577892 
 0.0000000000 
 0.0000000000 
 0.0000000000 
 0.0000980326 
 0.0000000000 
 0.0626922929 
 0.0313461464 
 0.0287693151 
 0.0143846576 
 0.0590707509 
 0.0295353755 
 0.1075416457 
 0.0537708228 
 0.0918249527 
 0.0459124763 
 0.0512543545 
 0.0256271772 
 0.0302775208 
 0.0151387604 
 0.0282402748 
 0.0141201374 
 0.0168913909 
 0.0084456954 
 0.0643893475 
 0.0321946737 
 0.0616863243 
 0.0308431621 
 0.0658674703 
 0.0329337351 
 0.1000818233 
 0.0500409117 
 0.0917689970 
 0.0458844985 
 0.0513006028 
 0.0256503014 
 0.0303532323 
 0.0151766161 
 0.0284280934 
 0.0142140467 
 0.0168187282 
 0.0084093641 
 0.0000000000 
 0.0000000000 
 0.0000000000 
 0.0369188065 
 0.0000000000 
 0.0049458754 
 0.0197417710 
 0.0105393092 
 0.0002773676 
 0.0000000000 
 0.0037997925 
 0.0094976268 
 0.0000000000 
 0.0058273494 
 0.0185696391 
 0.0113293243 
 0.0001479026 
 0.0000000000 
 0.0000772068 
 0.0001544137 
 0.0002094650 
 0.0001047325 
 0.0004560030 
 0.0009120060 
 0.0279349496 
 0.0139674748 
 0.0857706232 
 0.0428853116 
 0.0964578957 
 0.0482289479 
 0.0175596446 
 0.0087798223 
 0.0853904750 
 0.0426952375 
 0.0001773485 
 0.0003546970 
 0.0014125286 
 0.0007062643 
 0.0013995627 
 0.0027991254 
 0.0278006270 
 0.0139003135 
 0.0859441826 
 0.0429720913 
 0.0965043293 
 0.0482521646 
 0.0082382781 
 0.0041191390 
 0.0868186195 
 0.0434093097 
 0.0781321474 
 0.0390660737 
 0.0014371759 
 0.0000000000 
 0.0000000000 
 0.0023250644 
 0.0080470329 
 0.0034423529 
 0.0000447121 
 0.0000000000 
 0.0006214093 
 0.1003076361 
 0.0000000000 
 0.0029357151 
 0.0220191430 
 0.0086010623 
 0.0000901319 
 0.0000000000 
 0.0000000000 
 0.0000000000 
 0.0000000000 
 0.0000000000 
 0.0032107514 
 0.0193899704 
 0.0000000000 
 0.0000000000 
 0.0000000000 
 0.0000000000 
 0.0000000000 
 0.0000000000 
 0.0131613414 
 0.0187499677 
 0.0073505075 
 0.0002868957 
 0.0011857439 
 0.0000000000 
 0.0142623010 
 0.0034366131 
 0.0000941520 
 0.0000000000 
 0.0000000000 
 0.0118631904 
 0.0456576280 
 0.0228288140 
 0.0065102954 
 0.0032551477 
 0.0009938968 
 0.0004969484 
 0.0095026236 
 0.0047513118 
 0.0130467559 
 0.0065233779 
 0.0001070016 
 0.0000535008 
 0.0000830554 
 0.0000415277 
 0.0037605126 
 0.0018802563 
 0.0000000000 
 0.0000000000 
 0.0090783664 
 0.0045391832 
 0.0000000000 
 0.0000000000 
 0.0007659848 
 0.0003829924 
 0.0003528787 
 0.0001764393 
 0.0001747866 
 0.0000873933 
 0.0000648645 
 0.0000324323 
 0.0004284368 
 0.0002142184 
 0.0000000000 
 0.0000000000 
 0.0000000000 
 0.0000000000 
 0.0000000000 
 0.0000000000 
 0.0000000000 
 0.0000000000 
 0.0000000000 
 0.0000000000 
 0.0001747188 
 0.0002620925 
 0.0000000000 
 0.0000000000 
 0.0000000000 
 0.0000000000 
 0.0000000000 
 0.0000000000 
 0.0255041506 
 0.0127520753 
 0.0521643607 
 0.0260821804 
 0.0379731875 
 0.0189865938 
 0.0056459506 
 0.0028229753 
 0.0000000000 
 0.0000000000 
 0.0000000000 
 0.0000000000 
 0.0000000000 
 0.0000000000 
 0.0000000000 
 0.0000000000 
 0.0000000000 
 0.0000000000 
 0.0378078951 
 0.0189039475 
 0.0885608126 
 0.0442804063 
 0.0449276831 
 0.0224638416 
 0.0026214793 
 0.0013107396 
 0.0000000000 
 0.0000000000 
 0.0011828127 
 0.0023656254 
 0.0000000000 
 0.0000000000 
 0.0000000000 
 0.0000000000 
 0.0000000000 
 0.0000000000 
 0.0000000000 
 0.0000000000 
 0.0000000000 
 0.0000000000 
 0.0000000000 
 0.0000000000 
 0.0000000000 
 0.0047019544 
 0.0189693985 
 0.0034319101 
 0.0000980432 
 0.0000000000 
 0.0000000000 
 0.0069841452 
 0.0794673516 
 0.0397336758 
 0.0500689837 
 0.0250344919 
 0.0393854330 
 0.0196927165 
 0.0317741160 
 0.0158870580 
 0.0147160840 
 0.0073580420 
 0.0031565211 
 0.0015782605 
 0.0000000000 
 0.0000000000 
 0.0000000000 
 0.0000000000 
 0.0000000000 
 0.0000000000 
 0.0397956994 
 0.0198978497 
 0.0109215669 
 0.0054607834 
 0.0076886943 
 0.0038443471 
 0.0044943613 
 0.0022471806 
 0.0067680124 
 0.0033840062 
 0.0041920052 
 0.0020960026 
 0.0000000000 
 0.0000000000 
 0.0000000000 
 0.0000000000 
 0.0000000000 
 0.0000000000 
 0.0000000000 
 0.0000000000 
 0.0011187278 
 0.0246077031 
 0.0000000000 
 0.0000000000 
 0.0157615454 
 0.0173357516 
 0.0043448581 
 0.0001849285 
 0.0000000000 
 0.0000000000 
 0.0000000000 
 0.0000000000 
 0.0004142020 
 0.0019523111 
 0.0000000000 
 0.0000000000 
 0.0000000000 
 0.0000000000 
 0.0000000000 
 0.0000000000 
 0.0000000000 
 0.0000000000 
 0.0115233199 
 0.0057616599 
 0.0830955155 
 0.0415477578 
 0.0991091166 
 0.0495545583 
 0.0648397833 
 0.0324198917 
 0.0912470713 
 0.0456235357 
 0.0000000000 
 0.0000000000 
 0.0000000000 
 0.0000000000 
 0.0000000000 
 0.0000000000 
 0.0093717542 
 0.0046858771 
 0.0823453042 
 0.0411726521 
 0.0991117808 
 0.0495558904 
 0.0648945889 
 0.0324472944 
 0.0902644311 
 0.0451322155 
 0.1010462589 
 0.0505231295 
 0.0000000000 
 0.0000000000 
 0.0000000000 
 0.0000000000 
 0.0006257937 
 0.0004916282 
 0.0002682603 
 0.0000000000 
 0.0003729135 
 0.1003137766 
 0.0000000000 
 0.0000000000 
 0.0179886612 
 0.0153881254 
 0.0077389562 
 0.0001030133 
 0.0000000000 
 0.0000000000 
 0.0000000000 
 0.0000000000 
 0.0000000000 
 0.0000000000 
 0.0000000000 
 0.0000000000 
 0.0015064224 
 0.0000000000 
 0.0000000000 
 0.0066338795 
 0.0155245512 
 0.0058441413 
 0.0002151708 
 0.0000000000 
 0.0000000000 
 0.0035564415 
 0.0008942601 
 0.0000000000 
 0.0000000000 
 0.0000000000 
 0.0000000000 
 0.0000000000 
 0.0036128082 
 0.0018064041 
 0.0016893790 
 0.0008446895 
 0.0000000000 
 0.0000000000 
 0.0000000000 
 0.0000000000 
 0.0000000000 
 0.0000000000 
 0.0006634756 
 0.0003317378 
 0.0349679916 
 0.0174839958 
 0.0201864184 
 0.0100932092 
 0.0000000000 
 0.0000000000 
 0.0133137781 
 0.0066568890 
 0.0010916390 
 0.0005458195 
 0.0000000000 
 0.0000000000 
 0.0000000000 
 0.0000000000 
 0.0000000000 
 0.0000000000 
 0.0073082657 
 0.0036541329 
 0.0351293928 
 0.0175646964 
 0.0000000000 
 0.0000000000 
 0.0000000000 
 0.0000000000 
 0.0000000000 
 0.0000000000 
 0.0000000000 
 0.0000000000 
 0.0000000000 
 0.0034066570 
 0.0006405661 
 0.0007278374 
 0.0000000000 
 0.0000000000 
 0.0000181475 
 0.0000362950 
 0.0000000000 
 0.0000000000 
 0.0000000000 
 0.0000000000 
 0.0000000000 
 0.0000000000 
 0.0096737374 
 0.0048368687 
 0.0041374234 
 0.0020687117 
 0.0000319161 
 0.0000638321 
 0.0035617292 
 0.0071234584 
 0.0178220837 
 0.0356441674 
 0.0001786302 
 0.0003572604 
 0.0000000000 
 0.0000000000 
 0.0000000000 
 0.0000000000 
 0.0134679866 
 0.0067339933 
 0.0627554136 
 0.0313777068 
 0.0249524630 
 0.0124762315 
 0.0023513368 
 0.0047026735 
 0.0198116602 
 0.0396233204 
 0.0185310626 
 0.0370621252 
 0.0406851906 
 0.0813703812 
 0.0000000000 
 0.0000000000 
 0.0000000000 
 0.0000000000 
 0.0000000000 
 0.0000000000 
 0.0000000000 
 0.0000000000 
 0.0000000000 
 0.0011758959 
 0.0018384984 
 0.0000000000 
 0.0000000000 
 0.0000000000 
 0.0074527793 
 0.0030154506 
 0.0000000000 
 0.0000000000 
 0.0167952721 
 0.0083976361 
 0.0175560924 
 0.0087780462 
 0.0987886011 
 0.0493943006 
 0.0287897539 
 0.0143948770 
 0.0453445108 
 0.0226722554 
 0.0256943650 
 0.0128471825 
 0.0215955263 
 0.0107977631 
 0.0209388559 
 0.0104694280 
 0.0147236936 
 0.0073618468 
 0.0149977115 
 0.0074988557 
 0.0334887135 
 0.0167443567 
 0.0745210060 
 0.0372605030 
 0.0525283563 
 0.0262641781 
 0.0419479697 
 0.0209739849 
 0.0170549293 
 0.0085274646 
 0.0321716706 
 0.0160858353 
 0.0209067760 
 0.0104533880 
 0.0000000000 
 0.0000000000 
 0.0000000000 
 0.0156598729 
 0.0000000000 
 0.0096158552 
 0.0172437942 
 0.0034202021 
 0.0000000000 
 0.0000000000 
 0.0000000000 
 0.0000000000 
 0.0000000000 
 0.0061534983 
 0.0013604474 
 0.0004731130 
 0.0000000000 
 0.0000000000 
 0.0000000000 
 0.0000000000 
 0.0000000000 
 0.0000000000 
 0.0000506663 
 0.0001013327 
 0.0212549262 
 0.0106274631 
 0.0878445348 
 0.0439222674 
 0.0761676669 
 0.0380838334 
 0.0218355909 
 0.0109177954 
 0.0839787586 
 0.0419893793 
 0.0000000000 
 0.0000000000 
 0.0002435354 
 0.0001217677 
 0.0000000000 
 0.0000000000 
 0.0253800860 
 0.0126900430 
 0.0877409034 
 0.0438704517 
 0.0807898169 
 0.0403949085 
 0.0547743471 
 0.0273871736 
 0.0845894743 
 0.0422947371 
 0.1007938664 
 0.0503969332 
 0.0000000000 
 0.0000000000 
 0.0000000000 
 0.0000000000 
 0.0000000000 
 0.0000000000 
 0.0000000000 
 0.0000000000 
 0.0000000000 
 0.0830218664 
 0.0000000000 
 0.0000000000 
 0.0043391714 
 0.0023307910 
 0.0000901297 
 0.0000000000 
 0.0000000000 
 0.0000000000 
 0.0000000000 
 0.0000000000 
 0.0000000000 
 0.0032113024 
 0.0000000000 
 0.0000000000 
 0.0000000000 
 0.0000000000 
 0.0000000000 
 0.0000000000 
 0.0056303264 
 0.0185765743 
 0.0052725171 
 0.0001075859 
 0.0000000000 
 0.0011854631 
 0.0070146715 
 0.0034355664 
 0.0001882503 
 0.0000000000 
 0.0000000000 
 0.0000470735 
 0.0262787910 
 0.0131393955 
 0.0133489639 
 0.0066744820 
 0.0134667748 
 0.0067333874 
 0.0192370491 
 0.0096185245 
 0.0339553906 
 0.0169776953 
 0.0091387773 
 0.0045693887 
 0.0000000000 
 0.0000000000 
 0.0009182499 
 0.0004591249 
 0.0008952751 
 0.0004476376 
 0.0110429875 
 0.0055214937 
 0.0067318372 
 0.0033659186 
 0.0034948413 
 0.0017474206 
 0.0041755776 
 0.0020877888 
 0.0215005291 
 0.0107502645 
 0.0000000000 
 0.0000000000 
 0.0000000000 
 0.0000000000 
 0.0001259389 
 0.0000629694 
 0.0000000000 
 0.0000000000 
 0.0000000000 
 0.0000000000 
 0.0000000000 
 0.0000000000 
 0.0000000000 
 0.0000000000 
 0.0039887638 
 0.0072217133 
 0.0000000000 
 0.0000000000 
 0.0001088896 
 0.0002177791 
 0.0000198471 
 0.0000396941 
 0.0249431759 
 0.0124715879 
 0.0647984527 
 0.0323992263 
 0.0060126006 
 0.0030063003 
 0.0060768389 
 0.0030384195 
 0.0000000000 
 0.0000000000 
 0.0000000000 
 0.0000000000 
 0.0000333732 
 0.0000667464 
 0.0013545305 
 0.0027090610 
 0.0000570887 
 0.0001141775 
 0.0401489455 
 0.0200744728 
 0.0428779457 
 0.0214389728 
 0.0480916100 
 0.0240458050 
 0.0087391653 
 0.0043695827 
 0.0000000000 
 0.0000000000 
 0.0005544151 
 0.0011088301 
 0.0003332794 
 0.0006665588 
 0.0000000000 
 0.0000000000 
 0.0000000000 
 0.0000000000 
 0.0000000000 
 0.0000000000 
 0.0000000000 
 0.0000000000 
 0.0000000000 
 0.0000000000 
 0.0000000000 
 0.0000000000 
 0.0039213236 
 0.0033585184 
 0.0000735249 
 0.0000000000 
 0.0000000000 
 0.0053433571 
 0.0632038968 
 0.0316019484 
 0.0493433178 
 0.0246716589 
 0.0449312432 
 0.0224656216 
 0.0370174439 
 0.0185087219 
 0.0336060144 
 0.0168030072 
 0.0058048459 
 0.0029024230 
 0.0000000000 
 0.0000000000 
 0.0022654286 
 0.0011327143 
 0.0040015968 
 0.0020007984 
 0.0222323236 
 0.0111161618 
 0.0136909269 
 0.0068454634 
 0.0093128988 
 0.0046564494 
 0.0453770303 
 0.0226885152 
 0.0222670864 
 0.0111335432 
 0.0096668796 
 0.0048334398 
 0.0000000000 
 0.0000000000 
 0.0006933348 
 0.0003466674 
 0.0010220806 
 0.0005110403 
 0.0000000000 
 0.0000000000 
 0.0000000000 
 0.0246128508 
 0.0000000000 
 0.0000000000 
 0.0145146977 
 0.0073503533 
 0.0048541859 
 0.0002311242 
 0.0000000000 
 0.0000000000 
 0.0000000000 
 0.0000000000 
 0.0036390614 
 0.0115046835 
 0.0002662736 
 0.0000591717 
 0.0000000000 
 0.0000000000 
 0.0000000000 
 0.0000000000 
 0.0001013344 
 0.0002026688 
 0.0122416517 
 0.0061208258 
 0.0391168116 
 0.0195584058 
 0.0550113285 
 0.0275056642 
 0.0107508779 
 0.0053754390 
 0.0436052698 
 0.0218026349 
 0.0005320279 
 0.0010640559 
 0.0000000000 
 0.0000000000 
 0.0009330888 
 0.0018661776 
 0.0197763915 
 0.0098881957 
 0.0721355031 
 0.0360677516 
 0.0581750889 
 0.0290875445 
 0.0526471184 
 0.0263235592 
 0.0888586288 
 0.0444293144 
 0.0976688775 
 0.0488344388 
 0.0000000000 
 0.0000000000 
 0.0000000000 
 0.0000000000 
 0.0066605400 
 0.0033518545 
 0.0026366738 
 0.0000447016 
 0.0000000000 
 0.1002990694 
 0.0000000000 
 0.0000000000 
 0.0175627006 
 0.0156448094 
 0.0084340176 
 0.0000386275 
 0.2292802645 
 0.2687059202 
 