4.14155e-009
3.23485e-010
1.59696e-007
1.56085e-007
9.41064e-008
9.67772e-008
1.01598e-007
1.53426e-007
4.74861e-007
4.19716e-008
1.28125e-005
1.22186e-005
7.16372e-006
3.87478e-006
1.59327e-005
1.68079e-005
4.73269e-007
4.86734e-008
7.65263e-006
9.26746e-006
8.35008e-006
9.19784e-006
8.61733e-006
7.74988e-006
3.42519e-006
9.5053e-006
1.28832e-005
1.76723e-005
4.14857e-005
4.32109e-005
4.99845e-006
6.54611e-005
2.20656e-005
3.81671e-006
2.52545e-005
1.32271e-005
1.94447e-005
3.57173e-005
3.59377e-005
5.85036e-006
5.17448e-005
9.21553e-006
8.7739e-007
5.04387e-007
7.45898e-007
6.67318e-006
1.03584e-005
1.12833e-005
1.29345e-005
2.62719e-005
7.28245e-006
1.37035e-005
1.53948e-005
3.86375e-005
0.000225032
6.47186e-005
2.84646e-005
6.21106e-006
2.84993e-005
7.13185e-006
1.27322e-005
1.95783e-005
3.80302e-005
0.000213346
4.85673e-005
3.19027e-005
5.37869e-006
2.05861e-005
3.98405e-006
1.31225e-006
2.49415e-007
3.95491e-007
9.02008e-007
2.27858e-006
8.78978e-007
6.07244e-007
6.67146e-007
6.30511e-007
1.01385e-006
1.50765e-007
7.46335e-006
1.49123e-005
1.28306e-005
7.36757e-006
8.30341e-006
7.8063e-006
2.60255e-005
1.06202e-005
8.92703e-005
8.29853e-005
0.000160921
7.37632e-005
6.79694e-005
1.30241e-005
7.71808e-006
4.2988e-005
1.97902e-005
0.000103671
8.48395e-005
0.000159816
8.08071e-005
3.76698e-005
9.02467e-006
3.88976e-006
1.18401e-006
1.37048e-007
1.12716e-006
3.15035e-006
3.78239e-006
3.23078e-006
5.02549e-006
2.29911e-005
1.80238e-005
1.7022e-007
1.25511e-007
4.10221e-006
4.22644e-006
3.69284e-006
8.08535e-006
2.99549e-005
2.81458e-005
2.27814e-006
1.313e-005
9.98772e-006
3.13515e-005
5.93879e-005
0.000159202
9.46731e-005
2.36726e-005
2.87879e-006
6.67951e-006
9.15932e-006
3.16146e-005
5.71998e-005
0.000127258
5.06044e-005
1.50872e-005
1.42264e-005
1.42811e-007
3.55994e-010
2.22276e-006
1.92476e-006
1.99615e-006
1.75266e-006
1.65076e-005
1.60945e-005
1.49708e-006
2.98212e-005
6.20027e-006
6.4249e-006
5.86891e-006
7.3057e-006
8.46892e-005
5.38604e-005
4.12402e-009
3.21123e-010
1.57488e-007
1.7464e-007
1.75926e-007
1.67531e-007
1.60168e-007
1.56817e-007
6.51034e-007
4.20774e-008
1.12713e-005
1.15546e-005
1.34634e-005
1.3541e-005
1.1611e-005
1.15281e-005
7.33552e-007
4.42581e-008
8.82106e-006
8.53313e-006
8.11061e-006
8.74313e-006
9.20805e-006
9.69475e-006
3.87742e-006
1.36309e-005
1.10772e-005
9.67547e-006
3.17043e-006
1.81476e-005
1.21173e-005
9.45074e-005
2.43364e-005
2.44751e-006
1.49622e-005
8.16115e-006
6.37234e-006
6.93006e-006
2.48288e-005
8.64979e-006
5.25558e-005
9.92186e-006
9.51092e-007
6.43583e-007
6.23604e-008
6.73752e-006
9.40677e-006
1.1244e-005
1.27655e-005
9.5848e-006
6.82762e-006
1.19091e-005
9.81487e-006
2.09926e-005
0.000118849
6.99835e-006
9.26514e-006
7.69487e-006
2.02681e-005
7.93359e-006
1.2451e-005
9.90164e-006
2.97962e-005
3.20219e-005
5.68876e-005
8.23051e-006
6.72299e-006
1.52481e-005
3.64525e-006
1.03921e-006
2.47736e-007
2.12823e-008
7.14262e-007
6.22515e-007
5.41909e-007
7.43008e-007
6.31777e-007
6.24807e-007
2.38157e-007
1.87494e-007
7.46724e-006
5.32316e-006
8.75241e-006
8.55004e-006
7.68136e-006
7.65079e-006
4.03233e-005
2.57566e-005
9.1298e-005
7.34549e-005
0.000135584
9.31819e-005
3.55094e-005
5.14885e-005
3.31637e-005
5.71963e-005
2.71001e-005
8.05412e-005
1.83672e-005
0.000136425
9.09482e-005
3.48736e-005
4.32738e-005
1.68321e-005
1.21147e-006
2.1273e-007
1.01273e-006
5.95778e-006
3.65442e-006
2.39694e-006
3.35682e-006
2.0387e-005
2.11734e-005
1.55434e-007
1.66487e-007
7.32933e-006
4.31244e-006
3.82428e-006
4.00826e-006
2.57061e-005
2.48755e-005
4.06319e-006
1.49239e-005
1.40026e-005
3.26726e-005
6.11013e-005
0.000155382
8.47494e-005
1.45764e-005
2.9591e-006
1.49413e-005
1.31223e-005
3.30426e-005
5.88421e-005
0.000123367
4.53206e-005
3.20692e-006
4.5754e-006
1.77152e-007
3.55946e-010
4.22569e-006
2.19439e-006
1.99597e-006
6.7198e-007
1.57137e-005
1.9533e-005
1.53492e-006
3.00858e-005
2.3775e-005
6.8785e-006
5.8686e-006
6.39873e-006
7.6298e-005
6.5464e-005
4.74879e-009
3.19197e-010
1.45152e-007
1.771e-007
1.84511e-007
1.87862e-007
1.77686e-007
1.67712e-007
6.96666e-007
4.19037e-008
7.61439e-006
1.00989e-005
1.25317e-005
1.45257e-005
2.36993e-005
1.50611e-005
9.08594e-007
5.60397e-008
8.92249e-006
1.764e-005
9.81769e-006
6.89989e-006
7.64192e-006
8.34002e-006
5.67885e-006
1.51494e-005
1.01778e-005
8.10792e-006
6.32206e-006
3.20137e-005
1.24322e-005
4.40772e-005
7.75818e-006
5.71658e-006
1.57172e-005
1.06185e-005
9.3731e-006
6.02696e-006
2.92391e-005
9.05876e-006
1.17976e-005
1.6566e-006
7.04165e-007
5.43706e-007
1.20906e-006
6.86483e-006
8.482e-006
1.11546e-005
1.2287e-005
2.10924e-005
1.53093e-005
1.02785e-005
1.55382e-005
3.56243e-005
8.9028e-005
0.000169687
2.36198e-005
9.74506e-006
4.43473e-005
4.47116e-005
8.06119e-006
1.85133e-005
1.93651e-005
0.000181055
0.000116345
2.61057e-005
6.07214e-006
5.15223e-005
2.23116e-005
2.20793e-006
2.34052e-007
9.60091e-008
5.88277e-007
1.10078e-006
2.01995e-006
7.20702e-007
6.39918e-007
5.36792e-007
3.35065e-007
1.86748e-007
6.28607e-006
2.37053e-005
1.62817e-005
8.75663e-006
8.85952e-006
7.50267e-006
3.79225e-005
2.29416e-005
4.76756e-005
7.07364e-005
0.000120112
6.84339e-005
8.78174e-005
4.96376e-005
3.07211e-005
3.20622e-005
1.65374e-005
8.29021e-005
5.71683e-005
0.000149496
6.42162e-005
6.45279e-005
4.06986e-005
1.18975e-005
1.11078e-006
3.11428e-007
1.12868e-006
3.24874e-006
4.43494e-006
2.48958e-006
2.91282e-006
2.15202e-005
2.01386e-005
1.20099e-007
1.45075e-008
3.40498e-006
4.31408e-006
3.48234e-006
3.70059e-006
1.59761e-005
1.75305e-005
1.90664e-006
4.07585e-006
8.42554e-006
3.32079e-005
5.98165e-005
0.000156738
8.98895e-005
2.30288e-005
2.4659e-006
1.42174e-005
9.40933e-006
3.29712e-005
5.69141e-005
0.00012533
4.7964e-005
1.48828e-005
1.4323e-005
1.37802e-007
3.55837e-010
1.88163e-006
2.31726e-006
1.99578e-006
4.2889e-007
1.57892e-005
1.23877e-005
1.4593e-006
3.01236e-005
1.39861e-005
6.80311e-006
5.86856e-006
6.39841e-006
8.14386e-005
6.01725e-005
4.15545e-009
2.87293e-010
1.59788e-007
2.43178e-007
1.75918e-007
1.85122e-007
2.48284e-007
4.29975e-007
6.68989e-007
3.88284e-008
2.00134e-005
1.357e-005
1.02903e-005
1.43105e-005
2.46584e-005
3.8812e-005
4.69323e-007
7.26667e-008
8.39859e-006
9.55395e-006
9.12934e-006
1.01293e-005
1.09752e-005
7.34484e-006
1.1121e-005
1.2411e-005
9.34625e-006
1.05615e-005
2.48413e-005
2.81482e-005
1.12763e-005
6.7982e-005
2.53633e-005
1.12186e-005
1.37716e-005
1.1975e-005
9.72006e-006
2.09275e-005
2.80812e-005
1.05157e-005
4.18814e-005
1.1564e-005
4.64394e-006
4.87127e-007
8.33587e-008
1.04865e-005
7.45753e-006
9.16734e-006
1.16809e-005
3.00644e-005
3.14367e-005
9.9557e-006
8.49806e-006
5.71846e-006
0.000186268
3.74394e-005
3.88605e-005
1.08004e-005
3.80449e-005
8.43351e-006
9.56578e-006
9.18651e-006
4.66973e-006
0.000194274
9.54976e-005
3.76196e-005
7.225e-006
5.13002e-005
4.21435e-006
1.51251e-006
1.7437e-007
2.08064e-008
6.84122e-007
7.56766e-007
4.93479e-007
5.01177e-007
3.9483e-007
4.74194e-007
1.88792e-007
7.91076e-008
7.30332e-006
6.3913e-006
9.11251e-006
8.32801e-006
7.18403e-006
6.13869e-006
1.83216e-005
2.78578e-006
7.08337e-006
5.42956e-005
8.5563e-005
5.55852e-005
9.97008e-005
5.38704e-005
3.74302e-005
7.33769e-006
2.17712e-006
2.61054e-005
7.98314e-005
0.000108439
9.71714e-005
7.32994e-005
4.55129e-005
1.83585e-005
1.38713e-006
1.68252e-007
9.40397e-007
6.61918e-006
2.66364e-006
2.25106e-006
4.14473e-006
1.34752e-005
9.58279e-006
1.14852e-007
1.65078e-008
1.03863e-005
4.47235e-006
3.61262e-006
3.96753e-006
2.44617e-005
3.51086e-005
4.04854e-006
5.57619e-006
6.95174e-006
7.39939e-006
4.91787e-005
0.000152027
7.92859e-005
2.19273e-005
2.87823e-006
3.43368e-006
1.02662e-005
2.42968e-005
5.97342e-005
0.000121475
4.23578e-005
1.40319e-005
1.41782e-005
1.41242e-007
3.55809e-010
3.43154e-006
1.89186e-006
1.99597e-006
2.84591e-007
4.79016e-006
2.46153e-006
1.45944e-006
3.01236e-005
2.45314e-005
6.61442e-006
5.8691e-006
6.39905e-006
6.98735e-005
5.51834e-005
4.786e-009
3.17772e-010
2.82738e-007
3.37657e-007
2.62112e-007
2.61129e-007
1.71741e-007
1.71688e-007
7.08052e-007
4.05833e-008
9.33352e-006
1.77554e-005
1.29241e-005
1.37398e-005
1.22568e-005
1.12163e-005
6.79485e-007
4.32253e-008
8.45571e-006
8.96794e-006
7.5131e-006
7.27092e-006
8.72713e-006
8.94788e-006
2.9799e-006
1.33404e-005
8.10789e-006
9.25538e-006
2.55931e-005
3.45324e-005
6.69796e-006
3.39283e-005
1.98367e-005
6.38105e-006
1.38926e-005
7.85248e-006
8.74722e-006
2.39665e-005
2.01707e-005
2.9138e-006
3.49839e-005
7.41392e-006
8.16621e-007
5.76446e-007
9.93031e-007
7.42655e-006
1.0213e-005
9.05345e-006
1.0333e-005
9.0765e-006
6.6143e-006
1.65538e-005
2.079e-005
1.74545e-005
9.31996e-006
6.7054e-005
8.47517e-006
4.86273e-006
1.90201e-005
3.86093e-005
2.04985e-005
2.51801e-005
3.73647e-006
6.2895e-005
8.85401e-005
5.86784e-006
4.95934e-006
1.55066e-005
2.04914e-005
5.42246e-006
1.91705e-007
1.43309e-007
5.15864e-007
5.83324e-007
3.60816e-007
9.94581e-007
2.58549e-006
6.46517e-007
2.18867e-007
5.07882e-008
5.88915e-006
4.84225e-006
7.00929e-006
1.5837e-005
2.11508e-005
1.5078e-005
9.86251e-006
6.1618e-006
1.91512e-005
2.92483e-005
6.61903e-005
4.36247e-005
3.90253e-005
3.05385e-005
3.92144e-006
4.23373e-005
4.58192e-006
1.52015e-005
1.20214e-005
3.48234e-005
4.06605e-005
2.61401e-005
1.41623e-005
3.47522e-006
1.07337e-006
9.89724e-008
1.05472e-007
4.50554e-006
5.28847e-006
3.1894e-006
1.88746e-006
1.75151e-006
2.39951e-006
9.86518e-008
1.61064e-007
1.59504e-005
1.79661e-005
1.18352e-005
3.31382e-006
2.78822e-006
3.78267e-006
2.56811e-006
5.71523e-006
9.12626e-006
1.26113e-005
5.70319e-005
0.000119079
1.77833e-005
2.12894e-005
7.85538e-006
2.06149e-005
2.44738e-005
3.58624e-005
6.16977e-005
5.25454e-005
2.28666e-005
1.35982e-005
1.43889e-005
1.27456e-007
3.55891e-010
4.45221e-006
1.39698e-005
6.75848e-006
6.08196e-007
1.88013e-006
1.14155e-006
1.42145e-006
3.05393e-005
4.78894e-005
5.55972e-005
4.30222e-005
6.66354e-006
5.5062e-006
6.04828e-006
4.14151e-009
3.20699e-010
3.50117e-007
1.68087e-007
1.67539e-007
2.0157e-007
1.44548e-007
3.02391e-007
6.22494e-007
4.19097e-008
1.45133e-005
1.51474e-005
1.31629e-005
1.23726e-005
7.64932e-006
1.23909e-005
6.12244e-007
4.76459e-008
8.51049e-006
6.63868e-006
7.08109e-006
8.41937e-006
9.05787e-006
9.83173e-006
3.29579e-006
1.39565e-005
9.23738e-006
7.06385e-006
5.41236e-006
2.51733e-005
6.08342e-006
1.91505e-005
3.4504e-006
3.35615e-006
1.22571e-005
9.16056e-006
8.95703e-006
6.0668e-006
1.72614e-005
3.88113e-006
1.09687e-005
1.87657e-006
7.1939e-007
5.11006e-007
9.01322e-007
3.02772e-005
9.70781e-006
1.18396e-005
1.25836e-005
1.08783e-005
1.51925e-005
2.41505e-005
3.00618e-005
4.23531e-005
7.03253e-005
0.000100184
2.5624e-005
6.88036e-006
3.50415e-005
2.29214e-005
1.63441e-005
1.77603e-005
1.83557e-005
7.76933e-005
3.75304e-005
3.01273e-005
6.55354e-006
1.93901e-005
8.09099e-006
6.99563e-006
2.46663e-007
5.83554e-008
7.93603e-007
7.64394e-007
2.13665e-006
2.76146e-006
1.26615e-006
6.9285e-007
2.13801e-007
5.18802e-008
8.04979e-006
7.02432e-006
1.0241e-005
1.34395e-005
6.21906e-006
6.65545e-006
1.03678e-005
3.52688e-006
1.31459e-005
4.85293e-005
0.000163488
3.01141e-005
0.000121669
6.75805e-005
1.69307e-005
4.43104e-006
3.77627e-006
2.96585e-005
7.88624e-005
9.04894e-005
7.8119e-005
8.46046e-005
5.51316e-005
3.30087e-006
1.35507e-006
1.3457e-007
1.16465e-006
2.15488e-005
4.2088e-006
3.13275e-006
3.78216e-006
3.07164e-006
1.22589e-005
2.05929e-007
3.63113e-007
3.36684e-005
8.40349e-006
4.0549e-006
4.20717e-006
3.60719e-006
2.74228e-005
1.23815e-005
2.91758e-005
4.35653e-005
3.95976e-005
4.55376e-005
0.000128967
5.42971e-005
1.89445e-005
1.5724e-005
2.98034e-005
4.43523e-005
2.41184e-005
2.28957e-005
0.000102092
2.90787e-005
1.21551e-005
1.43114e-005
1.4086e-007
3.56011e-010
1.68119e-005
4.65265e-006
2.07165e-006
2.0839e-006
1.88073e-006
1.57785e-005
1.72398e-006
3.0048e-005
8.42871e-005
9.33568e-006
6.13337e-006
6.39865e-006
5.50614e-006
5.12529e-005
4.75626e-009
3.11677e-010
1.58782e-007
1.65126e-007
1.72199e-007
1.83825e-007
1.78288e-007
1.68563e-007
6.76995e-007
3.49759e-008
1.06855e-005
1.28752e-005
1.17445e-005
1.34345e-005
1.17153e-005
1.16601e-005
6.80712e-007
3.4117e-008
8.05072e-006
8.36534e-006
7.69747e-006
7.67424e-006
8.02461e-006
8.4615e-006
2.06106e-006
9.94058e-006
8.18941e-006
5.89346e-006
2.16421e-006
2.54269e-005
1.41747e-005
9.72395e-005
2.18265e-005
3.90039e-006
1.42384e-005
9.51057e-006
7.75395e-006
5.8038e-006
1.54652e-005
9.51868e-006
5.57732e-005
3.09035e-006
8.1659e-007
4.20013e-007
2.9522e-008
4.14004e-006
8.30064e-006
8.86881e-006
9.76101e-006
1.28834e-005
6.69531e-006
5.44335e-006
5.35563e-006
2.72784e-005
3.86567e-005
1.51824e-005
1.11197e-005
5.80723e-006
1.47833e-005
7.49237e-006
4.40798e-006
5.57807e-006
1.26046e-005
1.10127e-005
9.45575e-005
9.08511e-006
5.13694e-006
1.26604e-005
3.82559e-006
1.34055e-006
2.99674e-008
1.66436e-008
3.35404e-007
4.62718e-007
3.45163e-007
3.68578e-007
4.0378e-007
4.08795e-007
7.99331e-008
4.03065e-008
1.79548e-005
2.56027e-005
1.46001e-005
4.97749e-006
6.78677e-006
6.20125e-006
5.26402e-006
2.77846e-006
3.35549e-005
3.74901e-006
0.000128915
7.27833e-005
2.74997e-005
9.36587e-006
6.8698e-006
2.3697e-005
2.20432e-005
6.84615e-005
8.32284e-006
0.000135169
4.83439e-005
2.4809e-005
6.71868e-006
3.53093e-006
1.24707e-006
4.5473e-008
1.46657e-006
2.15206e-006
2.15058e-006
2.39315e-006
7.54818e-006
1.53901e-005
2.75492e-006
1.11319e-007
2.04123e-007
3.85627e-006
4.05673e-006
3.72328e-006
1.38027e-005
1.53349e-005
6.0467e-006
6.57424e-006
3.32582e-006
1.98063e-005
2.17137e-005
5.50331e-005
2.98025e-005
1.32849e-005
8.41083e-007
2.97797e-006
3.54701e-006
1.34433e-005
2.1798e-005
5.04178e-005
6.88224e-005
1.88358e-005
9.6091e-007
1.02366e-005
1.41887e-007
3.55836e-010
1.95731e-006
2.11753e-006
1.99615e-006
6.69741e-006
9.85478e-006
2.76303e-006
1.42157e-006
3.15598e-005
1.05083e-005
6.42491e-006
5.86818e-006
4.68408e-005
7.713e-005
1.03574e-005
4.14339e-009
3.15584e-010
1.56881e-007
1.65643e-007
1.72839e-007
1.7012e-007
1.57245e-007
1.58903e-007
6.34634e-007
4.04918e-008
1.17615e-005
1.30893e-005
1.14838e-005
1.33855e-005
1.06703e-005
1.27854e-005
6.80997e-007
3.91793e-008
7.9994e-006
7.95725e-006
8.39194e-006
8.63189e-006
8.1151e-006
8.08748e-006
2.27086e-006
1.17682e-005
6.82083e-006
8.30719e-006
3.88596e-006
3.4464e-005
5.57822e-006
3.05012e-005
5.51324e-006
4.25946e-006
1.52671e-005
7.67011e-006
6.3568e-006
8.05553e-006
2.77447e-005
5.83066e-006
2.29722e-005
1.31283e-006
9.28013e-007
5.48153e-007
5.06305e-008
5.19356e-006
3.05486e-006
8.5071e-006
8.79679e-006
4.19755e-006
6.21608e-006
8.3688e-006
8.25866e-006
3.57983e-005
0.000137261
6.12893e-005
6.80442e-006
4.68191e-006
1.62488e-005
2.12027e-005
6.70499e-006
5.71027e-006
3.22148e-005
0.000117088
6.41112e-005
3.63873e-006
3.33079e-006
2.31776e-005
1.89582e-005
7.47714e-006
1.28929e-007
1.58922e-008
5.27463e-007
4.21044e-007
2.4716e-007
4.79628e-007
4.02664e-007
3.29626e-007
1.32129e-007
6.00189e-008
3.04472e-005
6.34918e-006
6.50158e-006
6.07528e-006
7.45111e-006
2.26856e-005
3.31018e-006
2.98943e-006
2.67446e-005
9.0941e-006
3.17258e-005
3.91376e-005
5.16242e-005
3.06259e-005
9.48446e-006
6.06723e-006
1.62026e-006
1.00209e-005
2.82147e-005
0.000108474
2.89531e-005
3.75111e-005
2.696e-005
4.57394e-006
1.24538e-006
9.31159e-008
1.39215e-006
2.03879e-006
3.52863e-006
1.78247e-005
1.35372e-005
3.10696e-006
1.87267e-006
8.3145e-008
1.35069e-008
3.34231e-006
5.72385e-006
1.07731e-005
1.86168e-005
3.69093e-006
3.91592e-006
2.22737e-006
3.20975e-006
7.74598e-006
2.38198e-005
5.71033e-005
0.000169018
9.02448e-005
1.0576e-005
2.67399e-006
3.55251e-006
8.90988e-006
1.95492e-005
5.50222e-005
0.00013504
1.9086e-005
1.62095e-005
1.38281e-005
1.37321e-007
3.55809e-010
1.88198e-006
2.00752e-006
8.6482e-006
2.7054e-006
1.91748e-006
1.77477e-006
1.49711e-006
3.05771e-005
5.59469e-006
6.42439e-006
6.81944e-005
3.98107e-005
6.98034e-006
6.35112e-006
4.13874e-009
3.16529e-010
1.59011e-007
1.65091e-007
1.63363e-007
1.64963e-007
1.59392e-007
1.54946e-007
6.26802e-007
4.1422e-008
1.11506e-005
1.38961e-005
1.19456e-005
1.34142e-005
1.16949e-005
1.16582e-005
7.30507e-007
5.65029e-008
1.85039e-005
1.60964e-005
1.37167e-005
9.61585e-006
9.09023e-006
8.56377e-006
6.50599e-006
1.87003e-005
9.52592e-006
8.03017e-006
3.41756e-006
2.49227e-005
4.35938e-006
3.28979e-005
3.50205e-006
1.57975e-005
2.58597e-005
1.46547e-005
9.84229e-006
6.17426e-006
1.44682e-005
5.32341e-006
1.7039e-005
2.53459e-006
9.30964e-007
6.63935e-007
4.89067e-008
5.7291e-006
1.02745e-005
1.2361e-005
1.23708e-005
9.55374e-006
7.52617e-006
6.82854e-006
7.12458e-006
5.87778e-006
1.20677e-005
2.77407e-005
3.90509e-006
5.42217e-006
1.59696e-005
7.07015e-006
7.74532e-006
7.30074e-006
5.95801e-006
6.87632e-005
2.56247e-005
7.76025e-006
4.96552e-006
1.22876e-005
3.87891e-006
1.33854e-006
1.99279e-007
1.68302e-008
5.70415e-007
5.56864e-007
4.13607e-007
5.73648e-007
5.67948e-007
4.37996e-007
2.01728e-007
5.14151e-008
6.66651e-006
5.66657e-006
8.72557e-006
5.38655e-006
7.81733e-006
8.38642e-006
4.27132e-006
3.41438e-005
0.000120781
8.94872e-005
0.000153188
7.83245e-005
4.66123e-005
3.51678e-005
7.81234e-006
5.06711e-005
3.44217e-005
0.000129022
9.05346e-005
0.00015364
4.13036e-005
4.49273e-005
1.51304e-005
3.05776e-006
1.29523e-006
9.34971e-008
1.20112e-006
2.60571e-006
3.24204e-006
3.10593e-006
3.35674e-006
8.48682e-006
2.71985e-006
1.24926e-007
1.70902e-007
4.081e-006
4.25585e-006
3.77238e-006
2.44101e-005
3.2361e-005
9.86234e-006
6.026e-006
3.94018e-006
1.86924e-005
2.22491e-005
5.60682e-005
0.000168911
0.000114663
2.58618e-005
2.81491e-006
2.59786e-006
8.97781e-006
2.21194e-005
5.40585e-005
0.000134933
6.10623e-005
1.6516e-005
1.45917e-005
1.38587e-007
3.55911e-010
1.95775e-006
2.01696e-006
1.99643e-006
6.29236e-006
1.08376e-005
3.30671e-006
1.61038e-006
3.0237e-005
5.89769e-006
6.42469e-006
5.86825e-006
4.52908e-005
8.15903e-005
1.26624e-005
4.7943e-009
3.14393e-010
2.53047e-007
4.13471e-007
1.77279e-007
2.21721e-007
1.71205e-007
1.74845e-007
7.11674e-007
4.08885e-008
1.63355e-005
2.1486e-005
1.09229e-005
1.24341e-005
1.17881e-005
1.22892e-005
6.7435e-007
5.51812e-008
8.44092e-006
8.7178e-006
7.80417e-006
1.29412e-005
1.69416e-005
7.4916e-006
6.48708e-006
1.76426e-005
1.57882e-005
9.72238e-006
3.70018e-005
2.61444e-005
9.75871e-006
6.07914e-005
2.12511e-005
4.22599e-006
1.6034e-005
1.11753e-005
9.27917e-006
3.54113e-005
2.34514e-005
9.62e-006
3.28728e-005
9.35216e-006
2.07355e-006
5.64885e-007
5.9226e-008
8.58041e-006
1.36102e-005
1.09102e-005
1.23026e-005
8.88511e-006
5.97725e-006
1.09662e-005
9.35497e-006
1.89173e-005
7.91814e-005
5.6593e-005
1.12608e-005
6.36346e-006
1.87883e-005
9.70838e-006
1.18442e-005
1.03192e-005
4.28852e-005
4.81154e-005
5.14836e-005
9.23987e-006
6.53169e-006
2.17377e-005
7.32894e-006
1.48149e-006
2.03723e-007
2.40263e-008
7.99263e-007
6.29198e-007
3.43368e-007
5.20715e-007
4.02923e-007
6.27473e-007
1.50068e-007
8.29166e-008
8.4715e-006
5.23232e-006
6.00124e-006
1.68372e-005
1.93715e-005
8.05884e-006
3.972e-005
2.12253e-005
7.61215e-005
7.871e-005
0.000163773
9.23097e-006
5.4082e-005
6.15461e-005
2.30344e-005
5.57132e-005
2.22556e-005
7.97162e-005
8.02109e-005
8.42538e-005
1.06723e-005
7.48935e-005
5.04303e-005
5.14412e-006
1.26745e-006
1.96096e-007
1.051e-006
1.43038e-005
1.49352e-005
3.08021e-006
3.11961e-006
2.72721e-006
2.45018e-006
1.18685e-007
3.18845e-007
1.02155e-005
1.76002e-005
3.55853e-006
4.5207e-006
3.5591e-006
3.60387e-006
9.41499e-006
1.98232e-005
1.06092e-005
3.65135e-006
9.62709e-006
0.000142282
6.19037e-005
1.99876e-005
5.01192e-006
4.16354e-006
8.90976e-006
3.6285e-006
2.98565e-005
0.000115763
3.32916e-005
1.30346e-005
1.43761e-005
1.36806e-007
3.55898e-010
3.88535e-006
4.95604e-006
1.99615e-006
4.76703e-007
1.87995e-006
1.97169e-006
1.49723e-006
3.02748e-005
7.07561e-005
5.18938e-005
1.63377e-005
6.77719e-006
5.50596e-006
6.04857e-006
4.78851e-009
3.9568e-010
1.72188e-007
1.84208e-007
1.81161e-007
1.85612e-007
1.78198e-007
1.75085e-007
7.17017e-007
4.06678e-008
1.10722e-005
1.30428e-005
1.11583e-005
1.36851e-005
1.18682e-005
1.21197e-005
6.92818e-007
4.73178e-008
8.42228e-006
8.53314e-006
7.6606e-006
8.22748e-006
8.39802e-006
8.10493e-006
3.36357e-006
8.1377e-006
9.2634e-006
8.33063e-006
3.10828e-006
2.00817e-005
7.04411e-006
3.07425e-005
3.40379e-005
3.76127e-006
1.21319e-005
9.65678e-006
5.75774e-006
3.79729e-006
2.3582e-005
1.38817e-005
3.09009e-005
3.72245e-006
6.72532e-007
5.6622e-007
4.89097e-008
6.81422e-006
7.53201e-006
7.95646e-006
1.16757e-005
9.34189e-006
6.65018e-006
8.68081e-006
6.05317e-006
2.04523e-006
3.18723e-005
6.21397e-005
2.71036e-005
6.99433e-006
3.20044e-005
1.46497e-005
7.83604e-006
5.6142e-006
1.91544e-006
0.000168939
0.000107362
1.66763e-005
6.42895e-006
1.75583e-005
4.53268e-006
1.43351e-006
1.93669e-007
1.73582e-008
3.90201e-007
4.95126e-007
4.22319e-007
6.22639e-007
5.50649e-007
3.32249e-007
2.13185e-007
4.98759e-008
7.02591e-006
5.33731e-006
6.65375e-006
4.07769e-006
6.54254e-006
3.89656e-006
2.03132e-006
2.06103e-005
0.000123826
5.91391e-005
5.57608e-005
7.76115e-006
3.20869e-005
1.35001e-005
6.69093e-006
1.38851e-005
3.39055e-005
0.000130936
7.39099e-005
5.27124e-005
1.0846e-005
1.1355e-005
6.37709e-006
3.28097e-006
1.16866e-006
9.37708e-008
2.89647e-008
2.34369e-006
1.61713e-006
1.61074e-006
3.07574e-006
2.2866e-006
2.87132e-006
1.10456e-007
5.80489e-009
3.40007e-006
4.01412e-006
3.34758e-006
7.61021e-006
1.12533e-005
3.88837e-006
1.50366e-006
1.87479e-006
1.04456e-005
1.24326e-005
5.54255e-005
0.00017116
0.000115555
5.46845e-006
2.57685e-006
2.38106e-006
8.90994e-006
1.71932e-005
5.34875e-005
0.00013661
4.2469e-005
9.83718e-006
1.46635e-005
1.2632e-007
3.55952e-010
1.88259e-006
1.85194e-006
2.14734e-006
1.05101e-006
3.76993e-006
5.16404e-007
1.42156e-006
3.01614e-005
5.67089e-006
6.42493e-006
1.62247e-005
5.14899e-005
6.65465e-005
6.12384e-006
4.77654e-009
3.20238e-010
2.91672e-007
3.7548e-007
1.81374e-007
2.22113e-007
1.7557e-007
1.79088e-007
7.17716e-007
4.24322e-008
2.07396e-005
2.93128e-005
1.72602e-005
1.28458e-005
1.06686e-005
1.36686e-005
7.65004e-007
5.72719e-008
9.42935e-006
7.90416e-006
8.46034e-006
1.89746e-005
2.07242e-005
1.2906e-005
8.37708e-006
1.07976e-005
1.54998e-005
9.90979e-006
7.58291e-006
1.7541e-005
6.43149e-006
3.22542e-005
6.05186e-006
4.70245e-006
1.54842e-005
1.09242e-005
9.40396e-006
4.89099e-006
1.84501e-005
3.90314e-006
1.66367e-005
2.93579e-006
9.05831e-007
6.23531e-007
1.17787e-006
1.19372e-005
1.31538e-005
1.37324e-005
1.28842e-005
1.05894e-005
7.17772e-006
2.25918e-005
2.7204e-005
3.14229e-005
0.000125359
0.000168466
3.8727e-005
5.72392e-006
2.16457e-005
3.46858e-005
2.55366e-005
3.35487e-005
5.16629e-005
0.000204373
0.000166545
3.10967e-005
1.03891e-005
6.33306e-005
2.5732e-005
9.6536e-006
2.94518e-007
6.73171e-008
8.39442e-007
7.7295e-007
5.152e-007
1.4968e-006
2.82141e-006
8.48167e-007
2.48359e-007
3.99888e-008
8.35123e-006
7.04733e-006
7.22531e-006
2.44843e-005
2.57442e-005
1.84743e-005
7.1505e-006
8.82901e-006
3.07814e-005
2.56088e-005
7.2463e-005
0.000103347
0.00010721
5.46045e-005
2.54724e-005
5.52511e-006
4.31286e-006
1.58008e-005
2.69911e-005
0.0001175
0.000102423
7.6906e-005
4.72782e-005
9.6713e-006
1.02899e-006
1.22065e-007
9.38368e-007
7.65699e-006
3.74859e-006
5.58054e-006
3.5456e-006
2.68388e-006
2.42576e-006
1.73504e-007
1.66305e-007
2.10002e-005
2.15664e-005
8.91233e-006
4.38197e-006
3.56481e-006
3.90257e-006
8.56502e-006
2.02906e-005
1.76613e-005
1.32892e-005
3.14377e-005
0.000147957
6.79366e-005
2.09409e-005
1.04164e-005
2.43685e-005
3.1757e-005
2.77596e-005
6.27684e-005
0.000118227
3.62912e-005
1.35577e-005
1.43808e-005
1.40323e-007
3.56024e-010
1.17851e-005
1.6899e-005
5.73835e-006
1.05343e-006
1.8803e-006
1.914e-006
1.42172e-006
3.04638e-005
5.91146e-005
5.54851e-005
3.16457e-005
6.70164e-006
5.50606e-006
6.04851e-006
4.76962e-009
3.18438e-010
1.74348e-007
1.82467e-007
1.79066e-007
1.85863e-007
1.78926e-007
1.78345e-007
7.17058e-007
4.16424e-008
1.23964e-005
1.10461e-005
1.00424e-005
1.36215e-005
1.20104e-005
1.35281e-005
6.74067e-007
4.31321e-008
7.72571e-006
8.43259e-006
8.61359e-006
8.1702e-006
6.91925e-006
7.56418e-006
2.18171e-006
1.41783e-005
1.15996e-005
1.01104e-005
6.93888e-006
1.81161e-005
4.38344e-006
2.09798e-005
4.53148e-006
3.98855e-006
1.10827e-005
1.1275e-005
6.60187e-006
7.21528e-006
1.7895e-005
4.94513e-006
8.06781e-006
2.55647e-006
9.86056e-007
5.0514e-007
5.40867e-008
5.63038e-006
6.73243e-006
1.12293e-005
1.06695e-005
9.93477e-006
6.81603e-006
8.27077e-006
8.95037e-006
4.05173e-005
0.000164401
6.73117e-005
2.63185e-005
9.79099e-006
1.76846e-005
7.41955e-006
6.83428e-006
6.22281e-006
2.24096e-005
6.83229e-005
9.99284e-005
1.31027e-005
6.02568e-006
1.38472e-005
3.91385e-006
1.31597e-006
2.15652e-007
2.58512e-008
5.48919e-007
5.58998e-007
4.98236e-007
6.24214e-007
2.4361e-007
6.0497e-007
1.32088e-007
2.09636e-007
7.52957e-006
5.1227e-006
9.56476e-006
7.24758e-006
7.28722e-006
8.18549e-006
4.28602e-005
1.82369e-005
6.39638e-005
7.83461e-005
0.000170572
0.000117491
0.000122956
6.62759e-005
7.30882e-006
5.47801e-005
1.90466e-005
7.0292e-005
7.93293e-005
0.000170538
0.000110493
8.77381e-005
4.28646e-005
3.68909e-006
1.26513e-006
2.36813e-007
1.12802e-006
1.45778e-005
4.17899e-006
2.87523e-006
3.21529e-006
2.27155e-006
1.6247e-005
1.59222e-007
1.24952e-007
2.52228e-005
5.90886e-006
4.27184e-006
3.93989e-006
3.36615e-006
2.43729e-005
3.07375e-006
2.88825e-006
6.13069e-006
3.15302e-005
4.71798e-005
6.47491e-005
5.94405e-005
1.90298e-005
1.89516e-006
2.52561e-006
1.54066e-005
1.23388e-005
2.23957e-005
3.28406e-005
2.93296e-005
1.25523e-005
1.41888e-005
1.35082e-007
3.55944e-010
2.78926e-006
1.22151e-006
1.99634e-006
2.65439e-007
1.8803e-006
2.66346e-006
1.42157e-006
3.00102e-005
6.80725e-005
6.76559e-006
5.98239e-006
6.39865e-006
6.45086e-006
5.44275e-005
4.1406e-009
3.30879e-010
1.59491e-007
2.04062e-007
1.70248e-007
1.68268e-007
3.13108e-007
4.24256e-007
6.37631e-007
4.14597e-008
1.81141e-005
1.39135e-005
1.13234e-005
1.26831e-005
3.33896e-005
3.62764e-005
7.00244e-007
5.07946e-008
7.76184e-006
1.99119e-005
1.4843e-005
1.04819e-005
8.83103e-006
7.93514e-006
3.63238e-006
8.23682e-006
9.13586e-006
8.18666e-006
3.61027e-006
2.37908e-005
4.19207e-006
4.66783e-005
2.7913e-005
4.39083e-006
1.11671e-005
1.10716e-005
9.42149e-006
7.24284e-006
1.64358e-005
3.29056e-006
4.22159e-005
9.60526e-006
5.07164e-006
5.26258e-007
1.20046e-006
1.8097e-006
6.18694e-006
8.41982e-006
8.90364e-006
3.10013e-005
1.14549e-005
1.0193e-005
1.70439e-005
4.03468e-005
0.00018275
9.69227e-005
5.02065e-005
9.51467e-006
3.85203e-005
2.94786e-005
8.39192e-006
1.44628e-005
3.91555e-005
0.000187719
8.42298e-005
2.35806e-005
7.51059e-006
1.94584e-005
2.13384e-005
8.71726e-006
1.97324e-007
1.01771e-007
6.05238e-007
9.72698e-007
2.63444e-006
4.55341e-007
3.87393e-007
3.81379e-007
1.6177e-007
3.4123e-008
7.05596e-006
3.20278e-005
3.4774e-005
1.16046e-005
6.94215e-006
6.04206e-006
4.2325e-006
1.00238e-005
2.63028e-005
2.90322e-005
0.000159911
9.54348e-005
9.35779e-005
5.1091e-005
3.31536e-005
4.3773e-005
2.07324e-005
3.83712e-005
5.94452e-005
0.000157585
9.09663e-005
6.74679e-005
4.1878e-005
1.63222e-005
1.31246e-006
1.10981e-007
1.08955e-006
2.32154e-006
1.78644e-006
2.31232e-006
3.16582e-006
7.29768e-006
2.55268e-006
1.56552e-007
1.58118e-007
5.28104e-006
4.2301e-006
3.20183e-006
3.91467e-006
2.77248e-005
3.25991e-005
3.40017e-006
1.4427e-005
1.02902e-005
2.68181e-005
6.06732e-005
0.000155382
8.69985e-005
2.27547e-005
2.24084e-006
1.55703e-005
1.08726e-005
3.38995e-005
5.84848e-005
0.00011762
4.64992e-005
1.47142e-005
1.4128e-005
1.74382e-007
3.55913e-010
3.01569e-006
1.79875e-006
1.99643e-006
5.33968e-007
1.6016e-005
1.86927e-005
1.57284e-006
2.32825e-005
1.59511e-005
6.61409e-006
5.86827e-006
6.3994e-006
7.91711e-005
6.30451e-005
4.12349e-009
4.18521e-010
1.57422e-007
2.79345e-007
3.18573e-007
1.67824e-007
1.62322e-007
1.56824e-007
6.33136e-007
4.14237e-008
1.04319e-005
2.43274e-005
1.71552e-005
1.45307e-005
1.19401e-005
1.15164e-005
7.04461e-007
4.30872e-008
9.32689e-006
8.53205e-006
7.57085e-006
7.58864e-006
8.371e-006
9.47523e-006
2.15478e-006
1.29121e-005
9.26427e-006
1.27637e-005
3.91808e-005
5.08395e-005
7.06344e-006
6.93334e-005
8.74771e-006
2.9044e-006
1.70471e-005
9.65456e-006
1.66865e-005
4.06378e-005
4.75654e-005
3.97957e-006
1.41135e-005
9.22927e-006
5.18048e-006
6.10607e-007
7.72586e-007
1.10924e-005
1.49463e-005
2.21961e-005
1.28174e-005
1.00359e-005
6.83503e-006
8.17742e-006
1.06486e-005
1.92217e-005
3.73623e-005
4.86736e-005
6.83748e-006
4.70716e-006
1.44672e-005
2.55158e-005
1.15717e-005
1.74731e-005
3.31164e-005
3.60062e-005
2.51027e-005
1.08726e-005
5.86056e-006
2.35692e-005
4.93589e-006
1.61106e-006
2.28934e-007
1.85862e-008
6.71373e-007
6.15366e-007
4.70301e-007
5.60801e-007
2.094e-006
1.07992e-006
1.99013e-007
6.06324e-008
7.31434e-006
5.43921e-006
7.67269e-006
4.20835e-006
1.08527e-005
1.81084e-005
2.45762e-006
3.58417e-006
3.28355e-005
3.31953e-005
0.000164089
9.40703e-005
3.08487e-005
2.42488e-005
2.95412e-005
5.7923e-006
8.53325e-006
8.20278e-005
5.70544e-005
0.000159078
8.68231e-005
1.58356e-005
3.0805e-005
1.43616e-005
1.10414e-006
9.81467e-008
1.01279e-006
3.16149e-006
2.98923e-006
6.11325e-006
3.41497e-006
2.61577e-006
3.16298e-006
1.16515e-007
2.05337e-007
6.12825e-006
2.58274e-005
1.95997e-005
4.23648e-006
3.51172e-006
3.77248e-006
2.71347e-006
6.27859e-006
6.96464e-006
1.71089e-005
6.1744e-005
0.000157417
8.74983e-005
2.3013e-005
3.92375e-006
1.43837e-005
9.6597e-006
3.60053e-005
5.94486e-005
0.000126294
4.66457e-005
1.46725e-005
1.30598e-005
1.36696e-007
3.55889e-010
2.37324e-006
8.67229e-006
4.37741e-006
4.29172e-007
1.88004e-006
1.56811e-006
1.42136e-006
3.04638e-005
2.15826e-005
4.75092e-005
6.15046e-005
6.7386e-006
5.58151e-006
6.04782e-006
4.78161e-009
3.15462e-010
1.52027e-007
1.7478e-007
1.79144e-007
1.86582e-007
1.6961e-007
1.60524e-007
6.74623e-007
4.0667e-008
8.36664e-006
9.03429e-006
1.55837e-005
1.44879e-005
1.25492e-005
1.21577e-005
6.154e-007
4.21536e-008
1.33419e-005
9.3313e-006
7.63457e-006
6.95529e-006
1.05072e-005
2.07541e-005
3.43616e-006
1.1797e-005
1.35003e-005
1.57254e-005
1.996e-005
2.6172e-005
4.95023e-006
3.95926e-005
3.76852e-005
4.13678e-006
1.33995e-005
1.21028e-005
1.57345e-005
6.42022e-006
2.49584e-005
6.01207e-006
6.02072e-005
1.67776e-005
6.48077e-006
5.958e-007
5.34247e-008
6.09936e-006
1.22264e-005
2.65512e-005
1.61706e-005
8.2373e-006
5.88731e-006
8.68871e-006
8.47614e-006
6.14755e-006
7.16664e-005
0.000113039
4.44531e-006
4.23634e-006
9.79736e-006
1.01008e-005
1.3549e-005
6.49082e-006
4.54099e-006
0.000124845
5.38281e-005
4.1502e-006
3.80951e-006
6.60301e-006
1.31604e-005
7.9961e-006
2.1786e-007
2.16036e-008
6.49518e-007
5.25166e-007
3.53185e-007
6.1104e-007
5.69114e-007
6.09249e-007
2.03244e-007
2.21751e-007
8.17162e-006
5.12006e-006
7.49504e-006
8.88971e-006
7.8983e-006
6.86227e-006
3.4551e-005
1.71492e-005
0.000117108
9.43268e-005
0.000155169
7.87128e-005
6.79286e-005
3.60605e-005
2.06924e-005
4.50109e-005
3.30152e-005
0.000134542
9.09548e-005
0.000154111
7.52917e-005
4.80846e-005
2.87223e-005
9.55604e-006
1.30503e-006
2.32066e-007
1.27773e-006
2.97309e-006
7.31508e-006
1.89581e-005
1.20022e-005
2.70901e-006
3.27838e-006
2.0965e-007
2.03664e-007
3.60204e-006
1.14697e-005
2.74415e-005
1.83314e-005
3.60164e-006
3.95372e-006
1.79224e-006
3.34857e-006
8.00685e-006
2.58903e-005
5.78173e-005
0.000167162
3.78804e-005
2.49376e-005
2.87786e-006
4.53451e-006
1.42645e-005
2.57606e-005
5.58076e-005
0.000133612
1.18025e-005
1.61629e-005
1.14872e-005
1.75293e-007
3.55833e-010
1.88206e-006
3.80487e-006
8.79938e-006
3.2282e-006
1.91757e-006
1.77863e-006
1.61065e-006
3.05016e-005
5.59487e-006
1.50427e-005
7.05e-005
3.16469e-005
5.77084e-006
6.04885e-006
4.76389e-009
3.22349e-010
1.78792e-007
1.86276e-007
2.20784e-007
4.12502e-007
1.74713e-007
1.75969e-007
7.19663e-007
4.13365e-008
1.07641e-005
1.30255e-005
2.59283e-005
3.37314e-005
1.83792e-005
1.22022e-005
7.18834e-007
6.44192e-008
2.02297e-005
1.04203e-005
7.47912e-006
7.92842e-006
8.02591e-006
1.84933e-005
1.23626e-005
1.82294e-005
9.40448e-006
1.42279e-005
1.13207e-005
2.1651e-005
3.73108e-006
1.66415e-005
3.68687e-006
5.73245e-006
1.36193e-005
1.07252e-005
8.31698e-006
6.19385e-006
1.84181e-005
3.38714e-006
6.68619e-006
1.43371e-006
6.32973e-007
6.00824e-007
5.65722e-008
6.19976e-006
9.66076e-006
1.31484e-005
1.39928e-005
1.09785e-005
6.41765e-006
7.29705e-006
8.44165e-006
1.88968e-005
0.000122521
7.09006e-005
9.66213e-006
6.84325e-006
1.78699e-005
9.73313e-006
1.15234e-005
5.89822e-006
2.83713e-005
0.000191011
8.69497e-005
1.0495e-005
6.00042e-006
1.74457e-005
4.91363e-006
1.76849e-006
2.40263e-007
2.23052e-008
7.9789e-007
6.95484e-007
3.85744e-007
4.87461e-007
5.26783e-007
7.07475e-007
1.9999e-007
1.96564e-007
3.7934e-005
1.19352e-005
6.39742e-006
4.49225e-006
7.66662e-006
1.92103e-005
4.29978e-005
2.47766e-005
7.38364e-005
3.12281e-005
2.8529e-005
1.30665e-005
1.11354e-005
7.37831e-006
5.98711e-006
2.91656e-005
7.7661e-006
1.99883e-005
8.09112e-006
2.15966e-005
1.21744e-005
8.65863e-006
6.00245e-006
3.02049e-006
1.11735e-006
2.58562e-007
8.61751e-007
2.24997e-006
3.23731e-006
1.60957e-005
1.78694e-005
6.51331e-006
2.79986e-006
1.34215e-007
1.13769e-008
3.31527e-006
3.96483e-006
4.2301e-006
6.68874e-006
3.54389e-006
3.80071e-006
2.1979e-006
3.23921e-006
7.42684e-006
1.28255e-005
5.61037e-005
0.000171553
0.000118411
2.71371e-005
2.61212e-006
3.41961e-006
8.91015e-006
1.10893e-005
5.35946e-005
0.000137038
6.3348e-005
1.72507e-005
1.46663e-005
1.34917e-007
3.55863e-010
1.8819e-006
1.87918e-006
2.52549e-006
7.03006e-007
2.10664e-006
1.74968e-006
1.5348e-006
3.05016e-005
5.59473e-006
6.42465e-006
5.86698e-005
5.15649e-005
2.82214e-005
6.35061e-006
4.13854e-009
3.14634e-010
1.65947e-007
1.80381e-007
1.72625e-007
1.67543e-007
1.61818e-007
1.58746e-007
6.973e-007
4.15789e-008
9.34623e-006
2.02809e-005
2.83357e-005
1.99208e-005
1.23696e-005
1.08303e-005
6.77018e-007
1.63376e-007
9.23991e-006
8.69597e-006
7.7263e-006
7.43182e-006
8.13692e-006
8.83524e-006
4.09746e-006
1.43693e-005
8.41785e-006
8.2452e-006
2.99986e-006
2.27589e-005
1.95299e-005
6.459e-005
2.99089e-006
6.96027e-006
1.36021e-005
1.06432e-005
8.71931e-006
4.5694e-006
3.40049e-005
2.00655e-005
1.42946e-005
1.60072e-006
7.99126e-007
5.94148e-007
5.22296e-008
5.71978e-006
1.38286e-005
9.46801e-006
1.05118e-005
9.94365e-006
6.44968e-006
9.57222e-006
6.9153e-006
5.66485e-006
2.24043e-005
3.55075e-005
1.24835e-005
6.72849e-006
2.85914e-005
2.72629e-005
8.49673e-006
6.39638e-006
5.38795e-006
3.24397e-005
0.000107241
2.51294e-005
8.39566e-006
5.32002e-005
1.40554e-005
8.30131e-006
2.12837e-007
1.95991e-008
5.268e-007
6.36711e-007
5.7621e-007
6.06147e-007
4.85898e-007
4.40518e-007
2.1041e-007
1.23786e-007
9.37731e-006
5.78325e-006
7.95761e-006
3.81179e-006
1.76556e-005
1.06327e-005
4.50936e-006
1.13207e-005
4.42949e-005
8.75936e-005
5.70452e-005
6.78432e-005
5.64349e-005
2.82541e-005
2.234e-005
1.47315e-005
1.09625e-005
7.20582e-005
6.86893e-005
9.24275e-005
6.19062e-005
2.95576e-005
3.07502e-005
1.09587e-005
1.02078e-006
8.85793e-008
5.60305e-007
2.78676e-006
1.13007e-005
1.61997e-005
5.91396e-006
2.88533e-006
3.40338e-006
1.19617e-007
1.07281e-008
3.48567e-006
1.17055e-005
5.06265e-006
4.38658e-006
3.43325e-006
3.97978e-006
1.80422e-006
2.42566e-006
7.3972e-006
2.05713e-005
5.91379e-005
0.000133643
4.51636e-005
2.46185e-005
2.04026e-006
3.22336e-006
8.90966e-006
2.38329e-005
5.69143e-005
0.000112872
5.4139e-005
1.58345e-005
1.46663e-005
1.37717e-007
3.56033e-010
1.88276e-006
1.73627e-006
1.99643e-006
2.72674e-007
1.8803e-006
1.7648e-006
1.42146e-006
2.52479e-005
5.59523e-006
6.42466e-006
1.86061e-005
1.32394e-005
5.77098e-006
6.04859e-006
4.7817e-009
3.15727e-010
1.76194e-007
1.84804e-007
1.82004e-007
2.25137e-007
1.75486e-007
1.77213e-007
7.18712e-007
4.09613e-008
1.14689e-005
1.30177e-005
1.77974e-005
3.31045e-005
1.66088e-005
1.29145e-005
7.10021e-007
1.07473e-007
1.44005e-005
1.05416e-005
7.64937e-006
8.15344e-006
9.00837e-006
9.75198e-006
9.2519e-006
2.4392e-005
1.94588e-005
2.09856e-005
2.02127e-005
3.70275e-005
3.0024e-006
2.3232e-005
3.45151e-006
6.12364e-006
1.96712e-005
1.01863e-005
8.57113e-006
1.40618e-005
1.43866e-005
4.24523e-006
8.77712e-006
1.15989e-006
7.01695e-007
6.02477e-007
3.95188e-008
5.82992e-006
9.36507e-006
1.595e-005
1.9962e-005
7.97409e-006
7.11327e-006
7.22855e-006
3.92198e-006
2.18756e-005
0.000150837
3.58297e-005
1.01298e-005
4.98097e-006
1.84808e-005
9.46442e-006
9.83704e-006
5.2251e-006
3.05681e-005
0.000116184
9.66397e-005
1.49706e-005
5.54001e-006
1.55342e-005
5.11336e-006
1.75539e-006
1.55246e-007
1.88993e-008
7.40257e-007
5.73841e-007
8.36991e-008
4.16526e-007
3.78365e-007
5.93066e-007
9.73799e-008
9.34895e-008
1.49172e-005
1.11732e-005
6.39119e-006
4.26212e-006
6.59593e-006
1.47959e-005
3.53652e-005
2.55027e-005
8.90871e-005
3.3627e-005
5.97187e-005
1.32898e-005
1.13652e-005
7.54609e-006
9.55885e-006
1.8169e-005
1.00919e-005
2.77928e-005
4.01509e-005
4.08181e-005
1.84742e-005
8.59756e-006
6.65722e-006
2.83341e-006
1.183e-006
2.55294e-007
8.61815e-007
1.97891e-006
3.26626e-006
1.48486e-005
9.65536e-006
6.33493e-006
1.74407e-006
1.17255e-007
9.70856e-009
3.4351e-006
3.89895e-006
8.33416e-006
1.87278e-005
3.73805e-006
3.78903e-006
2.13688e-006
3.08546e-006
6.59274e-006
1.33964e-005
2.80106e-005
9.86967e-005
2.62782e-005
1.3563e-005
3.1723e-006
3.4793e-006
1.24793e-005
1.93706e-005
4.73122e-005
8.30294e-005
5.22134e-005
1.6604e-005
1.42611e-005
1.33774e-007
3.56053e-010
1.88267e-006
2.53709e-006
7.62788e-006
3.1446e-006
4.11071e-006
2.03097e-006
1.42165e-006
3.05015e-005
5.59541e-006
6.4255e-006
5.74228e-005
5.23212e-005
3.02626e-005
6.16201e-006
-5.14641e-011
6.04038e-011
