0.24968
0.0196186
0.135917
0.132666
0.0805043
0.0823919
0.0865503
0.130402
0.189259
0.0167312
0.121559
0.115901
0.0679657
0.0367621
0.151125
0.159402
0.148414
0.0152624
0.0952902
0.115394
0.103964
0.114532
0.107308
0.0965102
0.0335592
0.124027
0.0667984
0.0429155
0.0901686
0.089182
0.217946
0.0689097
0.865465
0.138724
0.167164
0.0919098
0.0565475
0.0597566
0.184719
0.0825682
0.344733
0.0505374
0.0312866
0.130481
0.155205
0.10224
0.089322
0.0880731
0.220729
0.099643
0.734351
0.140231
0.135811
0.0818709
0.0523943
0.0880389
0.291038
0.074059
0.341083
0.0307914
0.0326553
0.0643842
0.135284
0.200112
0.0514241
0.0797983
0.0869266
0.0996473
0.202399
0.0561009
0.0458221
0.0935262
0.115336
0.0558589
0.532051
0.0746485
0.974134
0.120129
0.385426
0.0243717
0.258505
0.0851706
0.0681041
0.0429631
0.103562
0.11186
0.114021
0.0193329
0.0425522
0.0636337
0.134973
0.0737708
0.53121
0.0628545
0.953374
0.101631
0.241293
0.0826295
0.353362
0.080498
0.073293
0.039181
0.113173
0.0999753
0.116524
0.0323157
0.128685
0.0239742
0.154536
0.245057
0.0800465
0.202223
0.0780145
0.0538915
0.0592024
0.0559476
0.315236
0.0468865
0.0483997
0.0966996
0.0831977
0.047759
0.0538472
0.0506238
0.474945
0.0546651
0.189963
0.0491384
0.469879
0.0515628
0.955729
0.051906
0.952581
0.0807725
0.482389
0.0703525
0.336228
0.0621878
0.0698557
0.0679003
0.0332343
0.067377
0.654909
0.0572021
0.376417
0.0500094
0.537898
0.0375713
0.95553
0.0618834
0.954634
0.0794502
0.577818
0.0677195
0.245855
0.0639331
0.0679174
0.048951
0.0334583
0.067791
0.0459718
0.0438117
0.0405617
0.333503
0.0385182
0.0462618
0.0395118
0.0614651
0.281164
0.220426
0.0855413
0.0631046
0.0321052
0.0330651
0.0288959
0.0632785
0.23448
0.220196
0.0224976
0.0267737
0.160466
0.0321607
0.0211567
0.0355491
0.361375
0.0324725
0.884441
0.0452058
0.918777
0.0449116
0.52127
0.0344953
0.817724
0.042977
0.0210013
0.0266758
0.0683479
0.0227948
0.0228876
0.0249975
0.364797
0.0323466
0.88422
0.0450542
0.919375
0.0451944
0.521342
0.0348089
0.815921
0.0433666
0.98821
0.0496442
0.0542786
0.000135304
0.0262838
0.022762
0.0236096
0.0207249
0.195209
0.190358
0.0492334
0.980587
0.0211212
0.0218882
0.019993
0.0248896
0.288518
0.183495
0.24968
0.0194377
0.133947
0.149062
0.149919
0.142532
0.136692
0.133614
0.259492
0.0167714
0.10692
0.109599
0.127713
0.12845
0.110133
0.109355
0.2301
0.0138827
0.109845
0.106273
0.101019
0.108873
0.114678
0.120751
0.0357325
0.142664
0.0542819
0.103045
0.0668263
0.0873724
0.0569987
0.10005
0.0230751
0.0536559
0.0646959
0.0441101
0.178428
0.103513
0.294154
0.0917518
0.374655
0.0613234
0.0268299
0.0768939
0.0492762
0.103239
0.0591178
0.0503322
0.0553634
0.0496149
0.0210245
0.148653
0.0596293
0.0907661
0.109928
0.0977125
0.28929
0.0815472
0.322256
0.0780453
0.027732
0.0774374
0.172648
0.0167258
0.0519059
0.072472
0.0866047
0.0983455
0.0738372
0.0526029
0.0585264
0.0625735
0.039971
0.0691762
0.26758
0.0620439
0.534191
0.0437549
0.0139601
0.0303538
0.0371841
0.0746769
0.101435
0.0361647
0.126395
0.0268081
0.129159
0.0191954
0.044849
0.0589945
0.0364535
0.0691171
0.370452
0.0950031
0.0450364
0.113308
0.308749
0.0706686
0.0372678
0.0746647
0.103483
0.0371002
0.130845
0.027044
0.121644
0.0145167
0.102567
0.0183091
0.153479
0.0131863
0.0633809
0.0552367
0.0480807
0.0659351
0.0560814
0.0554473
0.0740543
0.058328
0.04842
0.0345123
0.0567651
0.0554412
0.0498286
0.0496153
0.74544
0.0751008
0.513212
0.0666803
0.481975
0.0513218
0.815374
0.0766264
0.81867
0.0519466
0.649288
0.0490086
0.148291
0.0598469
0.473597
0.0710118
0.385441
0.046863
0.867833
0.0797001
0.51589
0.068036
0.382893
0.0642083
0.143461
0.0767867
0.823499
0.0592747
0.669685
0.0568489
0.236998
0.0498029
0.489729
0.0706514
0.383965
0.0541543
0.0449588
0.0469023
0.0629686
0.299662
0.0728495
0.0446977
0.0293164
0.0410616
0.249311
0.258964
0.078121
0.0836953
0.057351
0.0337411
0.0299299
0.0313641
0.201221
0.194647
0.061732
0.0261498
0.194617
0.0243063
0.0516419
0.0278615
0.377919
0.0324867
0.911274
0.0452058
0.895657
0.0449116
0.463016
0.0344952
0.489026
0.0410442
0.0326006
0.016402
0.18188
0.0220015
0.044907
0.0236915
0.382728
0.0323465
0.91081
0.0450541
0.889863
0.0451943
0.463366
0.0348094
0.141018
0.0416368
0.285665
0.0481292
0.0673418
0.000135304
0.0499751
0.0259567
0.0236096
0.00794716
0.185838
0.231006
0.0504763
0.989438
0.0809966
0.0234334
0.019993
0.0217992
0.259953
0.223022
0.289028
0.0192236
0.123344
0.151316
0.156635
0.16048
0.151132
0.143318
0.277822
0.016711
0.0722532
0.0958087
0.118913
0.137846
0.224882
0.142926
0.285077
0.0175729
0.111105
0.219705
0.122257
0.0859522
0.0951513
0.103874
0.150861
0.110399
0.087877
0.0869798
0.0663985
0.0752899
0.0570798
0.0745215
0.0381393
0.114872
0.128244
0.0636868
0.223548
0.0657011
0.123078
0.0569064
0.0979847
0.0409938
0.113969
0.128293
0.079973
0.0802491
0.0704507
0.0719505
0.080321
0.0741001
0.0269721
0.120584
0.107574
0.0695201
0.191187
0.0262688
0.0440351
0.0392055
0.018879
0.0479634
0.0222203
0.0556455
0.14589
0.324465
0.0529039
0.0653548
0.0859588
0.09469
0.162505
0.117949
0.0465716
0.0579357
0.120045
0.0527364
0.493009
0.0663979
0.357225
0.0757085
0.962117
0.112409
0.243381
0.041801
0.0586434
0.115611
0.100062
0.23517
0.13621
0.6998
0.037143
0.0300843
0.143668
0.0537232
0.234032
0.0684772
0.813233
0.0821261
0.669366
0.106646
0.279046
0.075977
0.0615021
0.0654748
0.109307
0.424165
0.14115
0.692056
0.157363
0.0994167
0.145069
0.0594916
0.0522171
0.0977
0.179276
0.0639738
0.0567775
0.0476435
0.104206
0.0580997
0.0407735
0.153723
0.105587
0.0567808
0.0574654
0.0486648
0.694172
0.0774724
0.467431
0.0490867
0.224341
0.0541374
0.820848
0.0380186
0.707449
0.0638572
0.475601
0.0372527
0.458932
0.0558332
0.463204
0.0618578
0.342374
0.0581009
0.466016
0.0651172
0.295363
0.0609702
0.430291
0.0298887
0.636273
0.0492629
0.913251
0.0541498
0.455265
0.0577352
0.471355
0.0593476
0.464847
0.062191
0.253211
0.05649
0.0432483
0.0409845
0.0922136
0.333961
0.0397254
0.0542611
0.0304438
0.0356314
0.263169
0.246334
0.0604066
0.00729314
0.0266484
0.0337719
0.0272487
0.028962
0.125034
0.137224
0.0227548
0.0184837
0.0336097
0.0261827
0.0214603
0.0263765
0.384667
0.0324867
0.891057
0.0452057
0.903903
0.0449117
0.493205
0.0344953
0.797955
0.0392611
0.0206858
0.0201513
0.169175
0.0248222
0.0228875
0.0263039
0.381827
0.0323463
0.879604
0.0450543
0.904768
0.0451943
0.492314
0.0348211
0.802511
0.0452154
0.997358
0.0477881
0.0524108
0.000135303
0.0222613
0.0274138
0.0236095
0.00507413
0.18674
0.14655
0.0479904
0.990609
0.0476453
0.0231758
0.019993
0.0217993
0.277448
0.204996
0.24968
0.0172927
0.135781
0.206225
0.14924
0.157322
0.211273
0.364957
0.266735
0.0154748
0.189848
0.128777
0.0975904
0.13576
0.233945
0.368228
0.147185
0.0227975
0.10457
0.118981
0.11373
0.12612
0.136709
0.0914662
0.41718
0.0943924
0.0628582
0.0803901
0.0608574
0.06926
0.112529
0.0588874
0.517442
0.0838144
0.136267
0.0324977
0.220243
0.0421175
0.247103
0.0304824
0.396562
0.057804
0.337647
0.137786
0.0724875
0.067907
0.0758414
0.0847448
0.122347
0.037789
0.470605
0.0417387
0.116271
0.053814
0.220203
0.032218
0.251511
0.0440034
0.39901
0.0675347
0.444187
0.0692956
0.130705
0.0223667
0.08081
0.0574571
0.0706367
0.0900142
0.231628
0.242228
0.0367259
0.0645074
0.0211944
0.0732987
0.0258446
0.0639465
0.801324
0.104545
0.199659
0.0373993
0.385913
0.0832648
0.0774111
0.115723
0.101806
0.185763
0.133439
0.0242675
0.0248865
0.0548851
0.0248158
0.0731293
0.0203966
0.0525578
0.84856
0.112106
0.562417
0.0744834
0.437638
0.0739962
0.0801681
0.0709071
0.0948604
0.436355
0.137494
0.019901
0.152149
0.0237612
0.108085
0.012897
0.0607254
0.0671631
0.0438038
0.0444892
0.0350441
0.0420937
0.058709
0.0246083
0.0473668
0.0414397
0.0591006
0.054007
0.0465881
0.0398093
0.302684
0.0701593
0.0243717
0.0383521
0.0184565
0.0229159
0.631107
0.028218
0.479758
0.0696995
0.368248
0.0482899
0.538121
0.0462782
0.523622
0.0461565
0.428552
0.0593883
0.0544732
0.0670836
0.0228333
0.0240744
0.116275
0.028638
0.922638
0.0346755
0.634472
0.0671885
0.712669
0.0635736
0.539765
0.0630378
0.5257
0.0636867
0.422176
0.0556155
0.0600896
0.0450802
0.0497997
0.278232
0.0809304
0.0325772
0.0275314
0.0506942
0.164766
0.117204
0.0577587
0.00829848
0.0812714
0.0350022
0.0282682
0.0310511
0.191445
0.274871
0.0611128
0.026452
0.0499408
0.0318639
0.0193746
0.0200963
0.0604773
0.0324723
0.724615
0.0452057
0.875351
0.0449117
0.430949
0.0344832
0.759705
0.0375575
0.0238729
0.0237934
0.0155571
0.0312979
0.0299786
0.0236915
0.272878
0.0323462
0.92541
0.0450543
0.875514
0.0451943
0.430753
0.0348042
0.761113
0.0381176
0.988438
0.0459099
0.0537026
0.000135303
0.0405925
0.0223733
0.0236096
0.0033668
0.056664
0.0291166
0.0479903
0.99046
0.083567
0.0225319
0.019993
0.0217992
0.238024
0.188001
0.289028
0.0191864
0.240746
0.286863
0.223364
0.222364
0.145878
0.146285
0.282353
0.0161836
0.0885661
0.16848
0.122607
0.130378
0.116304
0.106406
0.213181
0.0135594
0.105317
0.111687
0.093564
0.0905612
0.108691
0.111461
0.0475073
0.0895825
0.0596657
0.0943104
0.0627145
0.0501572
0.0654773
0.084755
0.489634
0.12979
0.123215
0.0838214
0.0688416
0.0870031
0.0607472
0.0777906
0.285182
0.0701949
0.11728
0.15316
0.0512564
0.0903646
0.0675796
0.037733
0.058581
0.0855276
0.487931
0.0988527
0.0807199
0.041456
0.034627
0.0353166
0.17737
0.0694897
0.231473
0.0676647
0.0221608
0.0681409
0.154633
0.266432
0.0572235
0.0786806
0.0697629
0.0796185
0.0699253
0.0509538
0.139555
0.0287651
0.179789
0.0514114
0.214578
0.0595027
0.0239625
0.0213566
0.370706
0.0539095
0.0494086
0.0529172
0.0720202
0.014935
0.099573
0.0441995
0.0892742
0.63274
0.129624
0.04134
0.242222
0.0262434
0.0190301
0.0393348
0.262544
0.0484991
0.517553
0.0729543
0.0356175
0.0441841
0.0744272
0.0292801
0.117113
0.0434644
0.100659
0.664667
0.119175
0.511492
0.118841
0.0888008
0.0457666
0.051779
0.0320227
0.0882969
0.229521
0.0573824
0.0680841
0.0157923
0.0381871
0.0314064
0.0454458
0.102713
0.137148
0.0977908
0.127611
0.0731075
0.0888915
0.0498225
0.0504134
0.0614507
0.317688
0.0374834
0.352438
0.0726112
0.30101
0.0258855
0.17415
0.0545965
0.262684
0.0603441
0.033852
0.0172636
0.623641
0.0776538
0.0332859
0.0654363
0.0434158
0.0409724
0.0814343
0.0627271
0.163796
0.0615292
0.267989
0.0568201
0.158008
0.0569761
0.130214
0.053172
0.0329882
0.0574603
0.0454599
0.0359225
0.0292886
0.0312187
0.0551136
0.0646787
0.0390067
0.0230813
0.0214213
0.0293452
0.0495897
0.080959
0.12481
0.14059
0.092626
0.0259254
0.0218175
0.0296097
0.0442562
0.0112918
0.0739889
0.00985197
0.0262196
0.0255957
0.125923
0.0324865
0.847566
0.0452058
0.675922
0.0449117
0.0698944
0.0344953
0.735027
0.0390461
0.108792
0.0212987
0.256781
0.0245128
0.104248
0.0236914
0.418175
0.0323467
0.957211
0.0450541
0.353058
0.0451943
0.216539
0.0347952
0.734568
0.0399462
1.00155
0.0481356
0.0484563
0.000135303
0.0526613
0.165233
0.0799362
0.00719382
0.0222374
0.0135017
0.0467475
1.00424
0.163137
0.189425
0.146569
0.0227005
0.0187581
0.0206055
0.24968
0.0194388
0.298386
0.142627
0.142998
0.171841
0.123139
0.257011
0.248141
0.0167062
0.137707
0.143693
0.124863
0.117395
0.0725668
0.11754
0.192075
0.0149404
0.105966
0.0826809
0.0881715
0.104863
0.112794
0.122457
0.0331285
0.118499
0.0626605
0.0984388
0.0774661
0.0511247
0.0657742
0.04889
0.0229818
0.108033
0.0647737
0.0861472
0.054056
0.0874845
0.0477174
0.0304818
0.0326471
0.0291673
0.0329277
0.109308
0.0610479
0.0638968
0.0728812
0.0499786
0.0657966
0.0817826
0.0236911
0.124829
0.0639503
0.0406013
0.0520633
0.0411037
0.0428359
0.0345633
0.0326025
0.0431292
0.0306159
0.0489458
0.1371
0.241821
0.233307
0.0748014
0.0912174
0.096965
0.0838201
0.117049
0.205357
0.0402091
0.283998
0.0503072
0.564539
0.100524
0.218654
0.123315
0.496943
0.137428
0.219158
0.0902065
0.0947545
0.0282794
0.125121
0.139754
0.14762
0.281009
0.0712736
0.0650398
0.11395
0.0754087
0.188016
0.0987082
0.289503
0.0946961
0.158464
0.0918417
0.323318
0.0864136
0.0967968
0.0402437
0.130054
0.0707374
0.148686
0.153489
0.164893
0.648832
0.152839
0.0361584
0.0704249
0.0678368
0.189611
0.245069
0.112375
0.0614876
0.0664897
0.0161342
0.0522028
0.0455477
0.0664125
0.087164
0.0403304
0.0431649
0.137604
0.0733738
0.021555
0.0578445
0.0227598
0.0540275
0.524245
0.0650529
0.984126
0.0657085
0.173392
0.0522764
0.656597
0.0565912
0.661727
0.0530418
0.165938
0.0547556
0.0171984
0.0562042
0.0232647
0.0581011
0.110894
0.053745
0.879747
0.0659582
0.517371
0.0681537
0.563901
0.0601552
0.637021
0.058711
0.661233
0.0526789
0.0415995
0.0443205
0.06431
0.0384418
0.0398224
0.344733
0.263601
0.0514756
0.0383139
0.0462475
0.0375657
0.149927
0.103545
0.182644
0.263548
0.0657612
0.0317407
0.0329327
0.0282362
0.214618
0.242775
0.0250258
0.387296
0.0407034
0.220557
0.0267773
0.464923
0.0324865
0.667638
0.0452058
0.73576
0.0449116
0.284274
0.034477
0.652094
0.0367273
0.236926
0.0234713
0.376965
0.0296839
0.208177
0.0236915
0.270627
0.0323466
0.32688
0.0450541
0.728627
0.0451943
0.284805
0.0348049
0.64819
0.044217
0.993764
0.0504675
0.0535512
0.000135305
0.198817
0.05503
0.0245037
0.0246452
0.0222373
0.186639
0.0566904
0.988077
0.287131
0.0318023
0.0208943
0.0217992
0.0187581
0.174601
0.289028
0.0188527
0.135413
0.141312
0.146676
0.156853
0.151541
0.143589
0.26986
0.0139439
0.101395
0.122156
0.111409
0.12744
0.111157
0.110625
0.21354
0.0106984
0.100236
0.104185
0.0958436
0.0955657
0.099939
0.105399
0.0332461
0.0615754
0.0541445
0.0605867
0.0712846
0.0427238
0.0742511
0.0214048
0.0210296
0.0313547
0.0650675
0.0873781
0.243086
0.0866999
0.321472
0.0755417
0.356087
0.0348962
0.0312356
0.134056
0.0647217
0.0804272
0.059597
0.0679448
0.0513533
0.0763895
0.018695
0.123409
0.0478464
0.0458248
0.143375
0.0850947
0.330444
0.0630735
0.0759318
0.0487721
0.0237151
0.0665986
0.112686
0.00791797
0.0318931
0.0639498
0.0683142
0.0752071
0.0992483
0.0515863
0.0209212
0.0344321
0.0245047
0.0350528
0.410327
0.0180088
0.148924
0.0390561
0.0496271
0.0465115
0.0862537
0.0480009
0.0782305
0.025616
0.0973712
0.0143764
0.116549
0.0235463
0.0235158
0.0132472
0.0137017
0.0457716
0.177964
0.0189298
0.011217
0.0432426
0.560171
0.0704949
0.0752484
0.0483085
0.0787066
0.0287134
0.109838
0.0212516
0.121816
0.0210899
0.135344
0.0205814
0.0185785
0.0103139
0.0297724
0.0410672
0.0306295
0.0327188
0.0358335
0.036295
0.0248607
0.0125411
0.116449
0.166029
0.0946914
0.032279
0.0440255
0.0402151
0.0431911
0.0639248
0.0464524
0.0161012
0.141419
0.0545619
0.0094772
0.0360469
0.772896
0.0549534
0.516811
0.0285833
0.111794
0.0494011
0.0506479
0.048426
0.035314
0.054232
0.381451
0.0111153
0.429944
0.0449742
0.326674
0.0533688
0.0360079
0.0638001
0.81773
0.0568597
0.330341
0.0558567
0.164426
0.0396213
0.0314528
0.0555443
0.0368414
0.0550733
0.0596848
0.0348858
0.0134601
0.434025
0.026318
0.0263026
0.0292692
0.0923365
0.188223
0.0336918
0.0559635
0.102616
0.0301803
0.0317445
0.0291341
0.108064
0.120038
0.0473145
0.0239066
0.118293
0.0231741
0.0256151
0.0214764
0.0909782
0.240286
0.0324723
0.816227
0.0452057
0.135484
0.0449116
0.043495
0.0344953
0.0158323
0.0147468
0.0226747
0.0266427
0.0178926
0.0305073
0.0228874
0.0473911
0.241491
0.0323467
0.773924
0.0450541
0.476472
0.0451944
0.172192
0.0348237
0.0161775
0.0385602
0.700648
0.046363
0.0539513
0.000135303
0.0231556
0.0250477
0.0236096
0.0792326
0.11658
0.0326799
0.0467474
1.03795
0.0358013
0.0218883
0.019993
0.159575
0.262765
0.0352839
0.24968
0.0190219
0.133312
0.141213
0.146727
0.144152
0.134016
0.135178
0.253079
0.0161406
0.111588
0.124176
0.108944
0.127005
0.101234
0.121349
0.213603
0.0122908
0.0996307
0.0991048
0.10452
0.107479
0.101066
0.100732
0.0236702
0.0807992
0.0313046
0.104529
0.0416926
0.0532608
0.032935
0.101902
0.0184026
0.0756466
0.10961
0.0970103
0.0354895
0.0943007
0.0347205
0.0898166
0.0214716
0.0772957
0.0294598
0.151062
0.0466482
0.108983
0.0537384
0.0491242
0.0472081
0.0575142
0.0429944
0.154226
0.0785245
0.0895299
0.04648
0.0934686
0.13017
0.0319278
0.0230972
0.0298705
0.0233384
0.0792734
0.147071
0.0135829
0.040009
0.0235384
0.0655494
0.0677816
0.0323397
0.0478913
0.0401551
0.044946
0.0393389
0.0525026
0.524208
0.0379183
0.591925
0.0755438
0.352411
0.0356907
0.0109384
0.0712128
0.0700992
0.0136298
0.0957951
0.0270345
0.119869
0.276595
0.0333668
0.0225541
0.0383442
0.0225377
0.461733
0.0415176
0.494772
0.0842376
0.373571
0.0540011
0.0351163
0.0143749
0.0628682
0.00678505
0.104625
0.135363
0.107663
0.600421
0.0895505
0.780107
0.0798619
0.00984623
0.0468044
0.0373598
0.0219365
0.0425449
0.0357303
0.0292571
0.0410895
0.0186715
0.19747
0.0411704
0.0421627
0.0393981
0.0483351
0.147101
0.0442288
0.0231291
0.0180825
0.0492208
0.099091
0.0571206
0.0494457
0.0609794
0.161999
0.0417439
0.268386
0.0249126
0.251892
0.0507108
0.290432
0.0335184
0.0943118
0.0293101
0.0305274
0.0699725
0.020304
0.0146063
0.0228979
0.0327288
0.27647
0.0618987
0.63894
0.0629613
0.181013
0.0502815
0.253474
0.0550305
0.288983
0.0601007
0.0605185
0.0585407
0.057686
0.0367522
0.0275638
0.41178
0.0249263
0.0431603
0.217941
0.16559
0.0379888
0.0229035
0.0417977
0.00678992
0.0261531
0.044783
0.0842822
0.145674
0.0288864
0.0306471
0.0225578
0.0256182
0.0158323
0.0312546
0.0184608
0.0255188
0.266745
0.0324725
0.848684
0.0452058
0.978175
0.0449116
0.495295
0.0344852
0.344794
0.0397545
0.0211029
0.0231809
0.0170895
0.0313854
0.0228872
0.0236915
0.213235
0.0323464
0.848858
0.0450543
0.978339
0.0451943
0.174935
0.034826
0.882724
0.040462
0.962701
0.0461583
0.0521967
0.000135303
0.0222613
0.0237403
0.102292
0.031991
0.0226844
0.0209931
0.0492334
1.00558
0.0190612
0.0218883
0.232328
0.135624
0.0237798
0.0216356
0.24968
0.0191951
0.135425
0.140325
0.13934
0.140064
0.136061
0.132138
0.249905
0.0165076
0.105767
0.131846
0.113334
0.127277
0.110911
0.110598
0.229151
0.0177286
0.230489
0.200421
0.170849
0.119775
0.11322
0.106661
0.160032
0.139267
0.111269
0.104582
0.0803786
0.0522386
0.0655025
0.064841
0.0230903
0.0596271
0.0572974
0.0921266
0.0400902
0.0613354
0.0503287
0.083999
0.0289663
0.0337744
0.518543
0.150984
0.212426
0.051198
0.115822
0.0807168
0.101187
0.0609606
0.0564947
0.094688
0.0463112
0.04132
0.0370982
0.0906809
0.0850718
0.0351646
0.0291039
0.0731443
0.0286685
0.0742618
0.178148
0.0131227
0.0441442
0.0791624
0.0952499
0.0953203
0.073606
0.0579942
0.0428587
0.0265759
0.0248997
0.0543298
0.0151422
0.0771594
0.0165779
0.0421051
0.0649705
0.110685
0.0290683
0.0180829
0.0628128
0.0341508
0.091778
0.0289313
0.117302
0.0149035
0.0365827
0.0280151
0.0250455
0.0527991
0.0182117
0.0748599
0.329148
0.010901
0.0931539
0.0777579
0.0327026
0.0728439
0.0676437
0.0361889
0.103664
0.023572
0.118759
0.0261318
0.136765
0.0189495
0.123446
0.0104312
0.0506307
0.049411
0.0367175
0.0509037
0.0503987
0.0388657
0.0627519
0.015988
0.0432278
0.0367519
0.0565852
0.0349353
0.0506898
0.0543858
0.0139845
0.0729329
0.705855
0.0628816
0.656961
0.0484855
1.00315
0.0835025
0.917389
0.0663273
0.517562
0.069424
0.233974
0.0392455
0.308877
0.0630948
0.0337166
0.0681244
0.767506
0.0719688
0.684081
0.0575592
0.652182
0.0640305
1.00324
0.0824464
0.916728
0.0774792
0.260937
0.0690258
0.322228
0.047242
0.133063
0.0628743
0.0341883
0.0453945
0.0518775
0.046328
0.0276705
0.355467
0.0318675
0.0396553
0.0379809
0.0410531
0.103804
0.0332586
0.062788
0.0859357
0.0319451
0.0333063
0.0295292
0.191006
0.253267
0.0771712
0.0249406
0.105397
0.026692
0.0311105
0.0228188
0.0833082
0.247018
0.0324724
0.832446
0.0452058
0.977534
0.0449117
0.638602
0.0344953
0.897871
0.0424376
0.0229992
0.023618
0.0183551
0.0170926
0.0228702
0.0240645
0.245516
0.0323465
0.83317
0.0450543
0.977502
0.0451943
0.63634
0.0347997
0.89607
0.0446268
1.01484
0.0497768
0.0526873
0.000135303
0.0231555
0.0238545
0.0236096
0.0744406
0.128195
0.0391049
0.0529627
0.994311
0.0200912
0.0218882
0.019993
0.154302
0.27794
0.0431403
0.289028
0.0190284
0.215367
0.351091
0.151106
0.188679
0.146014
0.14874
0.283627
0.016301
0.154971
0.203818
0.103615
0.117951
0.111865
0.116566
0.211651
0.0173139
0.105145
0.108609
0.0971942
0.1612
0.211039
0.093331
0.161466
0.137
0.0596254
0.144003
0.071296
0.148497
0.0636765
0.0941414
0.767793
0.127787
0.0639412
0.0928076
0.142206
0.0848507
0.175157
0.0730473
0.323169
0.0575389
0.0291907
0.149914
0.0554977
0.107953
0.0661329
0.083748
0.0608487
0.0920275
0.748916
0.118068
0.0541983
0.0878475
0.148797
0.0821011
0.170528
0.0614305
0.323345
0.0539719
0.173133
0.05615
0.151545
0.0158889
0.0661107
0.104862
0.084052
0.0947892
0.0684508
0.0460487
0.0430362
0.0684707
0.0295845
0.07445
0.259162
0.0378764
0.289913
0.0951144
0.241171
0.11719
0.0539653
0.082003
0.0944748
0.0193183
0.122041
0.0199677
0.120721
0.0608218
0.0311975
0.0675871
0.0332276
0.076791
0.593119
0.076788
0.130271
0.107673
0.225443
0.117944
0.0446239
0.0810404
0.0984289
0.038146
0.121046
0.104047
0.127731
0.146044
0.150191
0.0221497
0.126227
0.0148947
0.0709362
0.0558298
0.0304803
0.0462016
0.0357722
0.0557028
0.0466876
0.0257961
0.0549319
0.0339424
0.038918
0.109189
0.125675
0.0522669
0.743348
0.0649066
0.423196
0.0546954
0.39169
0.0529207
0.909378
0.0464401
0.985679
0.0660013
0.0160153
0.0531601
0.266217
0.050772
0.59698
0.0540101
0.253627
0.0466355
0.866382
0.0564915
0.423779
0.0557433
0.389428
0.0530967
0.90902
0.0528798
0.480877
0.0643027
0.0417864
0.0434659
0.562858
0.0530515
0.596788
0.0562571
0.0867021
0.0472138
0.0630963
0.0330229
0.0580448
0.311039
0.174971
0.182689
0.0376614
0.038151
0.0333551
0.0299704
0.0596716
0.160307
0.0799495
0.137743
0.0278501
0.0353803
0.0278546
0.0282049
0.179061
0.0245828
0.259663
0.0311431
0.0456179
0.0146177
0.0133797
0.0324866
0.105493
0.0452057
0.816362
0.0449117
0.328903
0.0344953
0.682221
0.0444832
0.0604637
0.0225363
0.0366903
0.0201214
0.0228871
0.0236916
0.0132365
0.0323465
0.439961
0.0450541
0.832256
0.0451944
0.331072
0.0348081
0.683264
0.0591833
0.99839
0.0505907
0.0520103
0.000135303
0.0459543
0.0586214
0.0236096
0.00563851
0.0222374
0.0233203
0.0492331
0.995621
0.241034
0.176789
0.0556634
0.0230868
0.0187582
0.0206055
0.289028
0.0238779
0.146681
0.156439
0.154242
0.158165
0.151295
0.149044
0.285938
0.0162178
0.105081
0.123748
0.105864
0.129879
0.112608
0.114985
0.217285
0.0148432
0.104903
0.10627
0.0954036
0.102447
0.104586
0.100935
0.0340966
0.120659
0.0523403
0.0415972
0.060759
0.0681987
0.0523434
0.0828683
0.0192469
0.0559785
0.0486855
0.0717188
0.110146
0.0537402
0.106179
0.0193507
0.560358
0.0493997
0.0267603
0.132668
0.0425473
0.0811251
0.0537619
0.0757377
0.0444965
0.0503604
0.0183676
0.0746097
0.0800905
0.0627394
0.281688
0.0515315
0.184545
0.0334921
0.0978524
0.0523684
0.0215275
0.052858
0.151872
0.0131219
0.0525025
0.0580226
0.0613099
0.0899595
0.071962
0.0512275
0.0493529
0.0389171
0.0263533
0.0409582
0.0112148
0.0208992
0.109869
0.0451281
0.309377
0.0840966
0.296164
0.0310604
0.106903
0.0181792
0.133365
0.108569
0.145624
0.12829
0.0359568
0.0293937
0.0237118
0.0361447
0.0136764
0.0162468
0.81476
0.0206627
0.647855
0.0681527
0.166044
0.06077
0.108959
0.0254859
0.135935
0.0458674
0.143932
0.0253596
0.147801
0.0189401
0.120071
0.0107618
0.0346349
0.0439431
0.0374895
0.0552824
0.0488878
0.0294952
0.0662947
0.01551
0.045563
0.0346127
0.0431406
0.0264438
0.0424324
0.025264
0.0129551
0.0283809
0.395262
0.0687755
0.681301
0.0419495
0.689107
0.0289886
0.321182
0.0368796
0.0276725
0.0304893
0.158401
0.0296778
0.087321
0.0554728
0.0342889
0.0529332
0.187623
0.0424089
0.696685
0.0337993
0.687185
0.0396445
0.855672
0.0306727
0.310839
0.0302371
0.0388095
0.047835
0.0410915
0.0522895
0.0289652
0.0536179
0.0342518
0.0511626
0.0545896
0.0340425
0.0277492
0.00857131
0.0286629
0.0197767
0.019699
0.0376164
0.027964
0.0351145
0.0555173
0.00291859
0.0266198
0.0314107
0.0261943
0.0595378
0.0880554
0.0304259
0.0233825
0.00913719
0.0176221
0.00988202
0.00699625
0.0523097
0.123701
0.0324725
0.822424
0.0452058
0.991149
0.0449116
0.643866
0.0344955
0.157874
0.0409196
0.0202342
0.0224421
0.0155163
0.0169738
0.0228875
0.0236912
0.18364
0.0323466
0.823872
0.0450542
0.990269
0.0451943
0.431855
0.0348416
0.528193
0.0320906
1.02163
0.0482345
0.0480242
0.000135304
0.0222613
0.0219107
0.0253977
0.0124281
0.0445892
0.00610723
0.0467474
0.991893
0.0193187
0.0218882
0.0552743
0.175408
0.226729
0.0208631
0.289028
0.0194121
0.247962
0.319507
0.154736
0.189654
0.150041
0.152349
0.286133
0.01691
0.196752
0.278145
0.163717
0.121885
0.101202
0.129661
0.23999
0.0179666
0.117447
0.098434
0.105369
0.236341
0.258079
0.160739
0.30669
0.0786964
0.0621135
0.06251
0.0715265
0.144247
0.0644848
0.096374
0.120393
0.0631308
0.0678432
0.037321
0.055669
0.0939684
0.0479899
0.0837115
0.0378442
0.0705763
0.0485535
0.150746
0.0543549
0.103488
0.06127
0.0852421
0.0632606
0.0916645
0.0248874
0.0948595
0.0644119
0.0473369
0.0539258
0.0397646
0.0435154
0.0738803
0.0513096
0.0671301
0.0311567
0.0689975
0.16727
0.315978
0.0919789
0.10134
0.105783
0.0992757
0.0815805
0.0552911
0.183297
0.0464074
0.24254
0.0599728
0.407885
0.0855296
0.477829
0.131789
0.981554
0.085168
0.37739
0.0901925
0.0805412
0.0218161
0.0880706
0.0755531
0.108374
0.54025
0.167073
0.0459004
0.275833
0.0818542
0.701932
0.105125
0.896991
0.113644
0.981577
0.129206
0.339777
0.0831524
0.0874223
0.129833
0.115813
0.539988
0.127066
0.834221
0.161298
0.961594
0.182514
0.0417192
0.074521
0.0686113
0.0457282
0.132828
0.250343
0.0752721
0.0772287
0.0124367
0.0541521
0.0456902
0.0468513
0.158781
0.166984
0.119805
0.104869
0.0406459
0.161663
0.0371166
0.122447
0.0573421
0.23807
0.0728961
0.39457
0.0707648
0.714153
0.0603125
0.571046
0.057367
0.546211
0.0313053
0.278827
0.0532196
0.0404013
0.0511211
0.0318183
0.0611036
0.0287727
0.0589377
0.251618
0.0720488
0.688356
0.0719741
0.751519
0.0666911
0.575716
0.0566944
0.549914
0.0623228
0.195781
0.0559408
0.0399064
0.0381169
0.0361174
0.277754
0.0936561
0.0458474
0.0682613
0.0433573
0.0328252
0.0296616
0.0872016
0.0836257
0.164354
0.168786
0.0697504
0.034282
0.0278993
0.0305314
0.160959
0.0242854
0.266938
0.0307294
0.0757827
0.0244919
0.134467
0.0324724
0.446901
0.0452058
0.850702
0.0449116
0.364311
0.0344953
0.717573
0.0438163
0.158917
0.0135924
0.302011
0.0305058
0.142331
0.0236914
0.316353
0.0323463
0.974699
0.0450542
0.850873
0.0451943
0.364048
0.034824
0.712038
0.0600478
0.99957
0.0494522
0.0533287
0.000135304
0.139364
0.199849
0.0678581
0.0124578
0.0222374
0.0226327
0.0467474
1.00179
0.201388
0.189006
0.107808
0.0228293
0.0187582
0.0206056
0.289028
0.0191925
0.148154
0.155237
0.152252
0.158702
0.152187
0.152094
0.285896
0.0165992
0.117612
0.104787
0.0952398
0.129235
0.113957
0.128378
0.211413
0.013533
0.0962137
0.105007
0.107293
0.101751
0.0861898
0.0941977
0.0363242
0.0640547
0.0591557
0.104482
0.0702633
0.0912158
0.0639708
0.100133
0.0237308
0.144235
0.0661913
0.0424267
0.053288
0.0486992
0.0455196
0.0401447
0.0475074
0.0336693
0.0244605
0.144567
0.0473964
0.0655806
0.0581936
0.0930118
0.0569109
0.0518548
0.0232165
0.153451
0.0588761
0.0495128
0.0508743
0.0678292
0.0457792
0.0111473
0.0650041
0.0381368
0.0278153
0.0812159
0.135476
0.0145127
0.0433812
0.0518612
0.0865244
0.0822068
0.0765458
0.0524965
0.0598182
0.024284
0.0382154
0.0613156
0.599323
0.0369579
0.751116
0.0483016
0.329445
0.096785
0.256354
0.0613966
0.0872678
0.0878053
0.106384
0.027289
0.11424
0.0244931
0.00691194
0.0500867
0.036291
0.030059
0.283235
0.0668191
0.267361
0.0704963
0.587513
0.0789763
0.114813
0.0633783
0.0883482
0.0376546
0.112644
0.0307319
0.124878
0.0212957
0.132776
0.0202932
0.133597
0.0160205
0.0487185
0.049592
0.0442131
0.0553999
0.0216238
0.0536872
0.0410761
0.065213
0.0488292
0.0332116
0.0620337
0.0470005
0.0472622
0.0530828
0.799551
0.0726386
0.369294
0.041286
0.327594
0.0460161
0.880739
0.0706155
1.02916
0.0661701
0.820605
0.059868
0.667327
0.0533755
0.636449
0.0645908
0.0344471
0.0608249
0.836314
0.071083
0.362304
0.0480681
0.330046
0.0601587
0.880673
0.0706201
1.02863
0.0748851
0.821782
0.0608608
0.667021
0.0545591
0.491205
0.0638535
0.0343755
0.0616467
0.0545598
0.0413695
0.0700758
0.333789
0.178279
0.0511068
0.0351607
0.0393221
0.0277785
0.198675
0.080078
0.0628112
0.197365
0.0462485
0.0334326
0.0308462
0.0263494
0.190784
0.0529992
0.013479
0.0153057
0.0270648
0.0213067
0.0135016
0.3636
0.0324723
0.693311
0.0452058
0.347028
0.0449116
0.314451
0.0344953
0.647605
0.0443508
0.0185837
0.0128023
0.00675601
0.0277068
0.056851
0.0236914
0.122645
0.0323464
0.318792
0.0450542
0.203724
0.0451943
0.28757
0.0348194
0.670645
0.0442178
0.984929
0.0501885
0.0513479
0.000135303
0.0329903
0.0144464
0.0236096
0.0031395
0.0222373
0.0314993
0.0467475
0.986832
0.231896
0.023047
0.0203793
0.0217992
0.0219773
0.185425
0.24968
0.0199481
0.135895
0.173541
0.144527
0.143417
0.266194
0.360021
0.254162
0.016533
0.171912
0.13198
0.107431
0.120322
0.316833
0.344172
0.219678
0.0159326
0.0966637
0.248002
0.184857
0.13054
0.109979
0.0988369
0.0292715
0.137847
0.0366104
0.058464
0.0360405
0.0911395
0.0347479
0.098136
0.0198557
0.0675288
0.0436413
0.0989948
0.0350259
0.0625086
0.153607
0.0369761
0.426221
0.0738576
0.0331117
0.152977
0.0554306
0.0584041
0.0578735
0.0906085
0.0570358
0.0981828
0.0230728
0.154264
0.0475954
0.0519574
0.0348149
0.0441662
0.251313
0.0465875
0.314392
0.0731637
0.489038
0.0718024
0.141215
0.322019
0.0139389
0.0476768
0.0648663
0.0686012
0.238886
0.088263
0.0416138
0.0620309
0.14405
0.0454838
0.571235
0.0623466
0.776151
0.112567
0.544284
0.0694445
0.522412
0.0837871
0.0897834
0.0803482
0.118972
0.172223
0.146459
0.404779
0.0234617
0.0465276
0.134031
0.0201711
0.571422
0.0403028
0.842598
0.0857091
0.450496
0.111305
0.257716
0.0629643
0.0925713
0.0644914
0.123626
0.0778677
0.146614
0.650324
0.162484
0.851477
0.122275
0.0630634
0.0537122
0.0863244
0.233792
0.0404117
0.0343829
0.0338466
0.0503202
0.0106104
0.0457437
0.207715
0.225509
0.0752635
0.0450103
0.0391827
0.0125536
0.0735704
0.173071
0.0525969
0.0979779
0.055649
0.282095
0.0704242
0.968833
0.0580718
0.66602
0.0491292
0.488967
0.0595568
0.477905
0.0625075
0.370142
0.0620346
0.670576
0.0544976
0.410158
0.0365368
0.172377
0.0406112
0.662917
0.0499232
0.967005
0.0526703
0.666074
0.0606127
0.492287
0.0625731
0.479089
0.0632135
0.367336
0.0575233
0.0547844
0.0447369
0.0328502
0.322547
0.0283988
0.0218526
0.0282881
0.0387161
0.0892403
0.0312226
0.0786873
0.0794742
0.0413234
0.033101
0.0250538
0.0306318
0.216943
0.255083
0.0493544
0.0241895
0.188662
0.0229735
0.0343666
0.0240553
0.304406
0.0324865
0.904492
0.0452058
0.895633
0.0449117
0.476204
0.0344952
0.788518
0.0389153
0.0261061
0.0110029
0.19485
0.0175979
0.0331515
0.0236916
0.393469
0.0323462
0.905095
0.0450543
0.846264
0.0451943
0.476322
0.0348175
0.795663
0.0423489
0.982246
0.0484385
0.066307
0.000135303
0.035675
0.0212735
0.0236096
0.00631672
0.189422
0.22114
0.0517188
0.76567
0.0543429
0.0225321
0.019993
0.0217992
0.26971
0.21478
0.24968
0.025281
0.134284
0.238264
0.271111
0.143104
0.137846
0.13341
0.252308
0.0165211
0.0989889
0.23077
0.162786
0.137828
0.113308
0.109219
0.220975
0.0135154
0.116161
0.10625
0.0942911
0.0945132
0.104241
0.11801
0.0418822
0.0572431
0.0704012
0.0786273
0.0692241
0.0597514
0.130707
0.0764681
0.827574
0.120867
0.23042
0.0743793
0.0942154
0.0701293
0.214889
0.0682099
0.119017
0.037676
0.0587095
0.0643698
0.0934765
0.0803084
0.0636974
0.0657809
0.193701
0.0812268
0.866563
0.128357
0.220948
0.0671534
0.0714594
0.0240638
0.0293748
0.0701994
0.345611
0.0268042
0.513837
0.0590311
0.163835
0.207258
0.0854513
0.115162
0.171018
0.0987832
0.0773247
0.0526571
0.0476778
0.0354713
0.0573682
0.0610458
0.280753
0.0210995
0.118684
0.0630048
0.202024
0.106203
0.0236047
0.0589432
0.0506341
0.0335393
0.0821207
0.0272365
0.118829
0.358273
0.061521
0.0349863
0.127873
0.0584335
0.481948
0.035383
0.108524
0.0695397
0.0811252
0.08629
0.0867777
0.0610891
0.0680043
0.0545443
0.0970234
0.147024
0.136541
0.0478175
0.164977
0.0224247
0.141848
0.0115224
0.059589
0.054605
0.041749
0.0497779
0.185901
0.0958264
0.061889
0.0188554
0.0474334
0.0352649
0.0497625
0.0272939
0.0703649
0.117445
0.0185026
0.0315114
0.025458
0.0552369
0.156065
0.0357206
0.373765
0.0293151
0.967532
0.0861648
0.642304
0.0626226
0.123057
0.057756
0.196611
0.0598624
0.327927
0.0571769
0.0192456
0.0767105
0.130375
0.0534746
0.416306
0.0390305
0.630759
0.0534317
0.966558
0.0627492
0.640408
0.0531475
0.0715569
0.0586698
0.337629
0.0612919
0.32757
0.0462284
0.044993
0.0387264
0.0290414
0.299675
0.0386584
0.0365531
0.0747559
0.0417598
0.0319913
0.0386843
0.0585954
0.103166
0.0479527
0.202158
0.153336
0.0331621
0.0274686
0.02953
0.0314068
0.0272852
0.0587103
0.0333996
0.0185089
0.0210321
0.18244
0.0324723
0.921277
0.0452057
0.908004
0.0449117
0.479139
0.0344954
0.796885
0.0397629
0.0473863
0.017597
0.162678
0.0335772
0.0268061
0.0236921
0.419954
0.0323465
0.920752
0.0450542
0.912029
0.0451943
0.477781
0.0348469
0.791938
0.0436694
0.909121
0.0434792
0.0519696
0.000135303
0.0280736
0.102575
0.0517716
0.00507677
0.0222374
0.0185452
0.0467475
1.00186
0.0735311
0.161858
0.209532
0.0229581
0.0190156
0.0206056
0.289028
0.0189609
0.129099
0.148504
0.152011
0.158991
0.144067
0.136864
0.269086
0.0162065
0.0793538
0.0857338
0.147826
0.137487
0.119041
0.115364
0.193085
0.0132257
0.166165
0.116221
0.0951036
0.0866252
0.130865
0.258534
0.0353199
0.122747
0.0498697
0.0862974
0.103773
0.0841693
0.195174
0.0600815
0.350852
0.132275
0.0585445
0.0983779
0.0508678
0.0643112
0.0974977
0.0641688
0.600268
0.0748871
0.0360781
0.139234
0.084674
0.0519214
0.119313
0.043002
0.164532
0.094707
0.0196039
0.137598
0.0570044
0.0941687
0.0460874
0.0982314
0.381202
0.0436558
0.612964
0.0639948
0.63901
0.0776515
0.15982
0.0143336
0.0470023
0.0942072
0.204551
0.124551
0.0634566
0.0453558
0.0499506
0.0383988
0.0363989
0.0578608
0.0229956
0.0735392
0.283796
0.0646972
0.633708
0.0820615
0.0183672
0.0353029
0.0567969
0.0189594
0.0689682
0.00508387
0.104765
0.0841294
0.0395899
0.0734114
0.0349741
0.0342317
0.0301415
0.0407952
0.552437
0.0649134
0.287724
0.0712856
0.0188756
0.0375676
0.0582299
0.0214251
0.0421226
0.026254
0.119253
0.372336
0.128484
0.801613
0.135032
0.013386
0.057631
0.0466045
0.0313438
0.054258
0.0505151
0.0540635
0.063194
0.0689485
0.0529873
0.0332015
0.0486002
0.0576437
0.0512148
0.0444971
0.645883
0.0572529
0.314006
0.0720645
0.613989
0.070061
1.08621
0.0591963
0.92886
0.0675297
0.53152
0.0583497
0.331668
0.0665117
0.311305
0.0700893
0.20406
0.0656791
0.66336
0.0821935
0.63937
0.0720139
0.678773
0.0680963
1.01159
0.079122
0.928365
0.0688457
0.533911
0.0675587
0.331669
0.0637574
0.31429
0.0576445
0.204264
0.044489
0.0575011
0.0414626
0.0686705
0.378203
0.0363595
0.0894603
0.231903
0.146788
0.0331335
0.0400873
0.105385
0.102355
0.0281751
0.0897654
0.214685
0.143467
0.0281876
0.0309258
0.0226613
0.0161026
0.0185062
0.030617
0.0186053
0.026854
0.292744
0.0324723
0.859825
0.0452058
0.966963
0.0449117
0.187867
0.0344951
0.866803
0.0397941
0.0208593
0.0268004
0.0308025
0.031071
0.0228874
0.0516826
0.291243
0.0323465
0.861591
0.0450542
0.967468
0.0451943
0.0948994
0.0348083
0.880119
0.0404972
0.793837
0.0442654
0.0666542
0.000135303
0.0222613
0.0450115
0.10408
0.0381836
0.0226845
0.0210378
0.0529615
1.00308
0.0190612
0.0512454
0.240184
0.10781
0.0196595
0.0206055
0.289028
0.0194469
0.152169
0.158642
0.187554
0.352698
0.14877
0.150034
0.286832
0.0164752
0.1021
0.123563
0.246014
0.319952
0.174358
0.115778
0.225513
0.0202093
0.251935
0.12979
0.093154
0.0987395
0.0999665
0.230339
0.493678
0.0751144
0.125731
0.084691
0.0887359
0.0421888
0.162091
0.068857
0.155158
0.118856
0.0734753
0.0563246
0.0591843
0.0276272
0.0506031
0.0173478
0.0308861
0.0351635
0.121551
0.121429
0.0584117
0.0804263
0.0823158
0.0615248
0.0684417
0.068588
0.0276585
0.123982
0.0658147
0.045745
0.0582334
0.0230732
0.0239996
0.0231804
0.0213008
0.0365552
0.0313447
0.0386583
0.161155
0.0151796
0.0477811
0.0744276
0.101301
0.107812
0.0845785
0.0494336
0.0377286
0.0364707
0.0191764
0.0746942
0.26542
0.0313118
0.53991
0.0559123
0.3967
0.0522451
0.0866698
0.029988
0.0827545
0.0396176
0.115448
0.0196303
0.153225
0.0287776
0.0304769
0.065625
0.0250549
0.0378349
0.393257
0.0499502
0.903808
0.040758
0.465747
0.114196
0.0570044
0.0857242
0.0840301
0.0414484
0.124651
0.0559951
0.161666
0.0218708
0.18427
0.0214244
0.148923
0.0138254
0.0708132
0.0617344
0.0342377
0.0432649
0.0467637
0.0627963
0.0621912
0.0611326
0.245976
0.0774083
0.0414872
0.0291292
0.0497228
0.124553
0.80796
0.0670098
0.522062
0.0357631
0.412753
0.0185169
0.328001
0.0512182
0.157226
0.0259711
0.0503066
0.0476114
0.0235252
0.0417486
0.0265343
0.0515054
0.0302426
0.0478025
0.411808
0.0713252
0.130638
0.0366929
0.0936953
0.017266
0.0553719
0.0416484
0.0931506
0.0466003
0.0606322
0.0366262
0.0199161
0.0512902
0.0253475
0.0523812
0.0312184
0.0474039
0.0528779
0.0318515
0.0765317
0.255025
0.027519
0.03959
0.196837
0.218561
0.0796528
0.0342478
0.06748
0.00571882
0.0259415
0.0310351
0.033112
0.0523481
0.0277254
0.02974
0.0217954
0.0257409
0.0152894
0.0322314
0.0149242
0.0272413
0.128613
0.0324865
0.833074
0.0452059
0.993475
0.0449116
0.660668
0.0344952
0.922839
0.0638983
0.019651
0.023609
0.0147506
0.0319089
0.0228873
0.0236914
0.106954
0.0323462
0.825602
0.0450542
0.993542
0.0451943
0.661462
0.0348129
0.913292
0.0691679
1.02104
0.0489559
0.0512739
0.000135303
0.0222614
0.0222283
0.0298676
0.00831294
0.02492
0.0206868
0.0504766
1.00314
0.0190611
0.0218882
0.19988
0.17568
0.0961477
0.0216357
0.24968
0.0189786
0.14111
0.153379
0.146908
0.14251
0.137541
0.135074
0.277919
0.0165719
0.0886587
0.192413
0.268792
0.18897
0.117366
0.102737
0.212307
0.0512428
0.115061
0.108266
0.096208
0.0925601
0.101352
0.110017
0.0684732
0.120027
0.0729561
0.0929092
0.0381836
0.0790002
0.0449447
0.0888832
0.0209926
0.051616
0.0536045
0.0828506
0.389991
0.0644349
0.234417
0.0293075
0.0268243
0.0267578
0.159038
0.13596
0.0535205
0.085136
0.0623185
0.0804129
0.053318
0.0903305
0.0224672
0.0894195
0.124694
0.0812807
0.393713
0.0879155
0.0309553
0.0699131
0.0273311
0.0372607
0.0264581
0.0619131
0.159345
0.0140075
0.044058
0.10653
0.0729376
0.0809702
0.0765975
0.0496829
0.0463845
0.050943
0.0269036
0.0499987
0.0234346
0.0655171
0.0170677
0.0918857
0.113596
0.11123
0.0723851
0.0783349
0.0829034
0.037415
0.115569
0.100553
0.126634
0.383159
0.0268613
0.0440035
0.0188886
0.0493094
0.0202025
0.0639685
0.149486
0.0109238
0.645702
0.069521
0.28366
0.0580886
0.0919823
0.0835812
0.126501
0.424364
0.127561
0.397372
0.13107
0.834385
0.131866
0.012146
0.0467658
0.056512
0.051122
0.0537904
0.0431301
0.0390855
0.0654612
0.0385118
0.0608179
0.037515
0.0516104
0.0247169
0.114519
0.0689672
0.0216285
0.0701275
0.192252
0.0626014
0.20411
0.0546185
0.99821
0.0654676
0.297833
0.0684713
0.469708
0.0387288
0.275686
0.0551118
0.245157
0.0536734
0.240103
0.051102
0.17006
0.0739677
0.174561
0.0616367
0.359955
0.0400552
0.755534
0.0681186
0.535171
0.0629376
0.435586
0.0589606
0.197045
0.0460174
0.350361
0.0478269
0.24076
0.0444979
0.0407832
0.0366242
0.0262159
0.16582
0.0340817
0.138224
0.198145
0.0723187
0.0352845
0.0416278
0.0601294
0.00539252
0.0272749
0.0916218
0.0396144
0.0343181
0.0268647
0.0311354
0.0224597
0.0165638
0.0163815
0.0192017
0.0176403
0.0243571
0.225943
0.0324724
0.880564
0.0452059
0.76406
0.0449116
0.230627
0.0345046
0.855647
0.0395155
0.0209457
0.0128416
0.0179888
0.0259934
0.0228873
0.0236915
0.267037
0.0323464
0.879558
0.0450542
0.810323
0.0451943
0.56026
0.0348229
0.861264
0.0407254
1.02184
0.0482514
0.0523503
0.000135304
0.0222613
0.0205338
0.0236096
0.00322522
0.0222373
0.0208713
0.0467475
0.830219
0.0190612
0.0218882
0.0633847
0.0451071
0.0196594
0.0206055
0.289028
0.0190801
0.149689
0.157501
0.155134
0.191284
0.149495
0.151026
0.286605
0.0163344
0.108821
0.123529
0.168866
0.314104
0.157613
0.122536
0.222658
0.0337085
0.17937
0.13126
0.0952474
0.101516
0.112172
0.121457
0.299203
0.126485
0.192419
0.0891113
0.204409
0.0664767
0.261424
0.0792165
0.363682
0.125551
0.150983
0.0710206
0.0367709
0.0330834
0.0363505
0.0585092
0.0331027
0.0287293
0.138221
0.121285
0.114054
0.0864706
0.0981114
0.0385025
0.0958802
0.0453317
0.238434
0.105861
0.0518307
0.0353061
0.0392837
0.06262
0.0229671
0.0389652
0.0259822
0.0208305
0.0262625
0.0513524
0.161612
0.0106005
0.0449211
0.0721506
0.122866
0.153796
0.0614357
0.0548036
0.00604176
0.0674589
0.0104856
0.0331265
0.263694
0.0798063
0.661567
0.0719154
0.097127
0.129754
0.0919643
0.030338
0.0704367
0.0186393
0.108819
0.0308806
0.149528
0.0274413
0.0201796
0.0618588
0.0173549
0.0383546
0.421416
0.0560968
0.468279
0.106272
0.51556
0.128978
0.116517
0.087099
0.0733902
0.0424654
0.119083
0.0417625
0.163262
0.0277008
0.182091
0.0220582
0.0962187
0.0117087
0.0656731
0.0509353
0.00742759
0.0369724
0.033583
0.0526316
0.0302921
0.0290737
0.0967279
0.0724699
0.0414425
0.0276398
0.0427655
0.0959516
0.651707
0.0680339
0.519442
0.0547021
0.473498
0.0468465
0.379628
0.0287024
0.345551
0.0379521
0.0758515
0.0237409
0.0254495
0.041168
0.0538643
0.0259529
0.0748966
0.0497028
0.242439
0.0585167
0.163438
0.0540136
0.116664
0.0376108
0.463186
0.0183185
0.232883
0.0312454
0.115732
0.0318476
0.0266514
0.0440551
0.0353006
0.0509019
0.0448438
0.0289087
0.0561868
0.0335198
0.0755679
0.255097
0.0242043
0.039953
0.1816
0.118095
0.0774856
0.02133
0.0589456
0.00488257
0.0268842
0.0305085
0.0652376
0.146542
0.0292605
0.0296595
0.0238926
0.0223263
0.0196485
0.025614
0.0219021
0.0155286
0.135796
0.0324868
0.393287
0.0452058
0.552497
0.0449116
0.119779
0.0344964
0.45175
0.0413443
0.022068
0.0304661
0.0211861
0.0262883
0.0228873
0.0423532
0.211
0.0323465
0.723504
0.0450541
0.584175
0.0451943
0.538988
0.0348372
0.903814
0.0420019
0.990775
0.0497528
0.0508358
0.000135305
0.0222613
0.0299975
0.090215
0.0371828
0.0486041
0.0240203
0.0467474
1.00299
0.0190612
0.0218882
0.19562
0.178247
0.103098
0.0209918
0.249177
0.288446
