  0  1  0.017263 0.000000 0.000000 0.000000 0.000000 0.000000 0.000000 0.000000 0.000000 0.000000 0.000000 0.000000 0.000000 0.000000 0.000000 0.000000 0.000000 0.982737 0 0 0.309896
  0  2  0.016534 0.000000 0.000000 0.000000 0.070762 0.167621 0.000000 0.025420 0.000000 0.000000 0.000000 0.000000 0.147422 0.089815 0.000000 0.079797 0.000000 0.402630 0 0 0.660407
  0  3  0.009920 0.000000 0.000000 0.000000 0.000000 0.000000 0.000000 0.000000 0.000000 0.000000 0.000000 0.000000 0.000000 0.000000 0.000000 0.000000 0.000000 0.990080 0 0 0.081927
  0  4  0.011036 0.000000 0.000000 0.000000 0.000000 0.000000 0.000000 0.000000 0.000000 0.000000 0.000000 0.000000 0.000000 0.000000 0.000000 0.000000 0.000000 0.988964 0 0 0.085577
  0  5  0.001540 0.000000 0.000000 0.235482 0.054174 0.000000 0.000000 0.000000 0.000000 0.000000 0.127941 0.044933 0.401314 0.000000 0.000000 0.000000 0.000000 0.134616 0 0 0.753082
  0  6  0.000000 0.000000 0.186766 0.271461 0.000000 0.000000 0.000000 0.000000 0.000000 0.000000 0.000000 0.084992 0.062388 0.000000 0.157123 0.000000 0.063900 0.173369 0 0 0.559742
  0  7  0.002473 0.000000 0.014033 0.000000 0.000000 0.000000 0.034847 0.000000 0.000000 0.041328 0.117863 0.000000 0.080520 0.053426 0.136826 0.043588 0.222879 0.252216 0 0 0.723418
  0  8  0.004071 0.000000 0.000000 0.000000 0.000000 0.000000 0.028781 0.000000 0.000000 0.000000 0.000000 0.056506 0.000000 0.000000 0.000000 0.000000 0.382724 0.527918 0 0 0.298878
  0  9  0.010713 0.000000 0.000000 0.000000 0.000000 0.000000 0.000000 0.000000 0.000000 0.000000 0.000000 0.000000 0.000000 0.000000 0.000000 0.000000 0.000000 0.989287 0 0 0.093544
  0  10  0.870796 0.000000 0.000000 0.000000 0.000000 0.000000 0.000000 0.000000 0.000000 0.000000 0.000000 0.000000 0.000000 0.000000 0.000000 0.000000 0.000000 0.129204 0 0 0.574701
