0.000000  0.574701  0.235105 0.141596 0.093509 0.030212 0.221785 0.226842
0.574701  0.093544  0.251997 0.235982 0.016015 0.022330 0.203165 0.225781
0.668245  0.298878  0.255707 0.239419 0.016287 0.063083 0.154860 0.217856
0.967123  0.723418  0.270484 0.254118 0.016366 0.139860 0.083740 0.180480
1.690541  0.559742  0.339225 0.322011 0.017213 0.152099 0.059529 0.140717
2.250283  0.753082  0.467113 0.450240 0.016873 0.255501 0.046672 0.107397
3.003365  0.085577  0.709756 0.698473 0.011284 0.012742 0.043557 0.107002
3.088942  0.081927  0.719384 0.707793 0.011591 0.012029 0.040820 0.106630
3.170869  0.660407  0.728676 0.716776 0.011900 0.227830 0.038196 0.096496
3.831276  0.309896  0.953881 0.951564 0.002317 0.053502 0.030813 0.095375
4.141172  0.000000  1.000000 1.000000 0.000000 0.000000 0.000000 0.000000
